<?xml version="1.0" encoding="utf-8"?>
<COLLADA xmlns="http://www.collada.org/2005/11/COLLADASchema" version="1.4.1">
  <asset>
    <contributor>
      <author>Mixamo</author>
      <authoring_tool>COLLADA Mixamo exporter</authoring_tool>
      <comments/>
    </contributor>
    <created>2026-03-17T10:45:21Z</created>
    <modified>2026-03-17T10:45:21Z</modified>
    <revision/>
    <title/>
    <unit meter="0.010000"/>
    <up_axis>Y_UP</up_axis>
  </asset>
  <library_animations>
    <animation id="mixamorig_Hips-anim" name="mixamorig_Hips">
      <source id="mixamorig_Hips-Matrix-animation-input">
        <float_array id="mixamorig_Hips-Matrix-animation-input-array" count="213">

0.000000 0.033333 0.066667 0.100000 0.133333 0.166667 0.200000 0.233333 0.266667 0.300000 0.333333 0.366667 0.400000 0.433333 0.466667 0.500000
0.533333 0.566667 0.600000 0.633333 0.666667 0.700000 0.733333 0.766667 0.800000 0.833333 0.866667 0.900000 0.933333 0.966667 1.000000 1.033333
1.066667 1.100000 1.133333 1.166667 1.200000 1.233333 1.266667 1.300000 1.333333 1.366667 1.400000 1.433333 1.466667 1.500000 1.533333 1.566667
1.600000 1.633333 1.666667 1.700000 1.733333 1.766667 1.800000 1.833333 1.866667 1.900000 1.933333 1.966667 2.000000 2.033333 2.066667 2.100000
2.133333 2.166667 2.200000 2.233333 2.266667 2.300000 2.333333 2.366667 2.400000 2.433333 2.466667 2.500000 2.533333 2.566667 2.600000 2.633333
2.666667 2.700000 2.733333 2.766667 2.800000 2.833333 2.866667 2.900000 2.933333 2.966667 3.000000 3.033333 3.066667 3.100000 3.133333 3.166667
3.200000 3.233333 3.266667 3.300000 3.333333 3.366667 3.400000 3.433333 3.466667 3.500000 3.533333 3.566667 3.600000 3.633333 3.666667 3.700000
3.733333 3.766667 3.800000 3.833333 3.866667 3.900000 3.933333 3.966667 4.000000 4.033333 4.066667 4.100000 4.133333 4.166667 4.200000 4.233333
4.266667 4.300000 4.333333 4.366667 4.400000 4.433333 4.466667 4.500000 4.533333 4.566667 4.600000 4.633333 4.666667 4.700000 4.733333 4.766667
4.800000 4.833333 4.866667 4.900000 4.933333 4.966667 5.000000 5.033333 5.066667 5.100000 5.133333 5.166667 5.200000 5.233333 5.266667 5.300000
5.333333 5.366667 5.400000 5.433333 5.466667 5.500000 5.533333 5.566667 5.600000 5.633333 5.666667 5.700000 5.733333 5.766667 5.800000 5.833333
5.866667 5.900000 5.933333 5.966667 6.000000 6.033333 6.066667 6.100000 6.133333 6.166667 6.200000 6.233333 6.266667 6.300000 6.333333 6.366667
6.400000 6.433333 6.466667 6.500000 6.533333 6.566667 6.600000 6.633333 6.666667 6.700000 6.733333 6.766667 6.800000 6.833333 6.866667 6.900000
6.933333 6.966667 7.000000 7.033333 7.066667</float_array>
        <technique_common>
          <accessor source="#mixamorig_Hips-Matrix-animation-input-array" count="213">
            <param name="TIME" type="float"/>
          </accessor>
        </technique_common>
      </source>
      <source id="mixamorig_Hips-Matrix-animation-output-transform">
        <float_array id="mixamorig_Hips-Matrix-animation-output-transform-array" count="3408">

0.792117 -0.230453 -0.565192 -4.116042 -0.023699 0.913673 -0.405759 93.511597 0.609909 0.334803 0.718274 -1.304578 0.000000 0.000000 0.000000 1.000000
0.814788 -0.249937 -0.523117 -3.402736 0.006681 0.906290 -0.422605 93.576286 0.579720 0.340838 0.740104 -1.610274 0.000000 0.000000 0.000000 1.000000
0.835597 -0.275989 -0.474981 -2.803295 0.044577 0.895850 -0.442115 93.527237 0.547531 0.348257 0.760873 -1.791043 0.000000 0.000000 0.000000 1.000000
0.842088 -0.299738 -0.448380 -2.521230 0.071760 0.886225 -0.457663 93.385872 0.534545 0.353217 0.767789 -1.733097 0.000000 0.000000 0.000000 1.000000
0.832732 -0.312355 -0.457157 -2.659309 0.076361 0.882576 -0.463928 93.260307 0.548386 0.351418 0.758800 -1.444255 0.000000 0.000000 0.000000 1.000000
0.814492 -0.306107 -0.492850 -3.223119 0.058559 0.888522 -0.455082 93.236053 0.577212 0.341800 0.741619 -0.975209 0.000000 0.000000 0.000000 1.000000
0.795330 -0.279473 -0.537908 -4.181461 0.028103 0.903424 -0.427826 93.375397 0.605525 0.325146 0.726375 -0.360159 0.000000 0.000000 0.000000 1.000000
0.780515 -0.234998 -0.579286 -5.368009 -0.006649 0.923481 -0.383586 93.625038 0.625102 0.303246 0.719228 0.350639 0.000000 0.000000 0.000000 1.000000
0.773029 -0.178073 -0.608865 -6.552945 -0.042376 0.943154 -0.329643 93.904221 0.632954 0.280625 0.721539 1.138862 0.000000 0.000000 0.000000 1.000000
0.774181 -0.115811 -0.622280 -7.586520 -0.079282 0.957635 -0.276857 94.138985 0.627980 0.263673 0.732201 2.060054 0.000000 0.000000 0.000000 1.000000
0.781733 -0.056394 -0.621058 -8.413457 -0.114013 0.966192 -0.231243 94.349854 0.613103 0.251578 0.748875 3.109266 0.000000 0.000000 0.000000 1.000000
0.791062 -0.001279 -0.611735 -8.972992 -0.145525 0.970897 -0.190214 94.490417 0.594175 0.239494 0.767853 4.185986 0.000000 0.000000 0.000000 1.000000
0.794887 0.052228 -0.604506 -9.187889 -0.175203 0.973607 -0.146264 94.600052 0.580912 0.222175 0.783058 5.169226 0.000000 0.000000 0.000000 1.000000
0.785952 0.111055 -0.608232 -8.945580 -0.207874 0.973933 -0.090786 94.642662 0.582295 0.197789 0.788551 5.947774 0.000000 0.000000 0.000000 1.000000
0.762986 0.180034 -0.620838 -8.209584 -0.243038 0.969860 -0.017440 94.623711 0.598987 0.164193 0.783745 6.411186 0.000000 0.000000 0.000000 1.000000
0.733045 0.252879 -0.631425 -7.052222 -0.267579 0.960682 0.074100 94.398239 0.625337 0.114637 0.771888 6.459846 0.000000 0.000000 0.000000 1.000000
0.703738 0.325152 -0.631688 -5.322148 -0.280385 0.944063 0.173578 93.898682 0.652792 0.054962 0.755540 6.093130 0.000000 0.000000 0.000000 1.000000
0.678126 0.384644 -0.626254 -3.073776 -0.279022 0.923052 0.264805 93.263184 0.679921 -0.004833 0.733270 5.464331 0.000000 0.000000 0.000000 1.000000
0.657028 0.416006 -0.628692 -0.615217 -0.253863 0.907343 0.335085 92.213646 0.709837 -0.060559 0.701758 4.749962 0.000000 0.000000 0.000000 1.000000
0.638401 0.419852 -0.645112 1.886263 -0.212884 0.901748 0.376206 90.922028 0.739679 -0.102836 0.665056 4.162037 0.000000 0.000000 0.000000 1.000000
0.622767 0.401003 -0.671832 4.433428 -0.171014 0.907676 0.383248 89.607498 0.763489 -0.123781 0.633848 3.758096 0.000000 0.000000 0.000000 1.000000
0.617769 0.355539 -0.701394 7.066446 -0.135212 0.926693 0.350653 88.330154 0.774648 -0.121786 0.620555 3.426806 0.000000 0.000000 0.000000 1.000000
0.613837 0.297519 -0.731222 9.667504 -0.099037 0.947968 0.302570 87.125534 0.783196 -0.113310 0.611363 3.111743 0.000000 0.000000 0.000000 1.000000
0.609063 0.207884 -0.765393 12.022920 -0.053844 0.973650 0.221600 86.247253 0.791292 -0.093757 0.604208 2.805165 0.000000 0.000000 0.000000 1.000000
0.588501 0.094487 -0.802957 13.874172 -0.006558 0.993673 0.112123 85.779526 0.808470 -0.060718 0.585397 2.621582 0.000000 0.000000 0.000000 1.000000
0.557272 -0.030173 -0.829782 15.104015 0.032599 0.999364 -0.014446 85.746376 0.829690 -0.019000 0.557901 2.632269 0.000000 0.000000 0.000000 1.000000
0.531960 -0.130949 -0.836583 15.908195 0.057906 0.991283 -0.118344 86.145569 0.844787 0.014511 0.534906 2.793741 0.000000 0.000000 0.000000 1.000000
0.519343 -0.175428 -0.836366 16.402699 0.071958 0.984204 -0.161754 86.652367 0.851531 0.023822 0.523763 3.019527 0.000000 0.000000 0.000000 1.000000
0.514655 -0.152592 -0.843709 16.519325 0.068267 0.988204 -0.137082 87.029068 0.854675 0.012952 0.519002 3.327218 0.000000 0.000000 0.000000 1.000000
0.509615 -0.069379 -0.857601 15.978002 0.039313 0.997580 -0.057342 87.323105 0.859504 -0.004492 0.511110 3.847624 0.000000 0.000000 0.000000 1.000000
0.501787 0.054492 -0.863273 14.670223 -0.009131 0.998292 0.057707 87.894028 0.864943 -0.021074 0.501428 4.643574 0.000000 0.000000 0.000000 1.000000
0.505209 0.186644 -0.842572 12.918943 -0.064321 0.981761 0.178910 88.983986 0.860597 -0.036191 0.508000 5.567413 0.000000 0.000000 0.000000 1.000000
0.537922 0.286696 -0.792746 11.199697 -0.118188 0.956753 0.265811 90.362839 0.834669 -0.049292 0.548542 6.397995 0.000000 0.000000 0.000000 1.000000
0.601993 0.331573 -0.726405 9.826298 -0.168453 0.941971 0.290368 91.677841 0.780531 -0.052434 0.622914 7.058724 0.000000 0.000000 0.000000 1.000000
0.682969 0.329247 -0.652036 8.818159 -0.211309 0.943540 0.255109 92.671448 0.699215 -0.036450 0.713981 7.553580 0.000000 0.000000 0.000000 1.000000
0.760442 0.305549 -0.573034 8.081035 -0.241552 0.952168 0.187159 93.370575 0.602811 -0.003906 0.797875 7.829797 0.000000 0.000000 0.000000 1.000000
0.822868 0.274365 -0.497607 7.493953 -0.252111 0.961077 0.113005 93.900322 0.509243 0.032464 0.860010 7.792791 0.000000 0.000000 0.000000 1.000000
0.871257 0.239910 -0.428199 7.070532 -0.247795 0.968059 0.038195 94.519226 0.423685 0.072828 0.902877 7.456066 0.000000 0.000000 0.000000 1.000000
0.911930 0.203806 -0.356155 6.751840 -0.233642 0.971399 -0.042365 95.214844 0.337335 0.121847 0.933466 6.924293 0.000000 0.000000 0.000000 1.000000
0.946496 0.172992 -0.272430 6.451131 -0.213185 0.968932 -0.125395 95.790642 0.242274 0.176764 0.953970 6.276374 0.000000 0.000000 0.000000 1.000000
0.971173 0.156039 -0.180210 6.100072 -0.190323 0.962753 -0.192050 96.230316 0.143531 0.220812 0.964697 5.471688 0.000000 0.000000 0.000000 1.000000
0.985045 0.149248 -0.086090 5.707311 -0.166149 0.955110 -0.245276 96.627594 0.045618 0.255911 0.965623 4.584988 0.000000 0.000000 0.000000 1.000000
0.988680 0.149982 0.004261 5.239218 -0.142872 0.949726 -0.278583 97.017899 -0.045829 0.274820 0.960403 3.545090 0.000000 0.000000 0.000000 1.000000
0.983460 0.155791 0.092384 4.724808 -0.121281 0.945257 -0.302951 97.335114 -0.134524 0.286736 0.948518 2.501186 0.000000 0.000000 0.000000 1.000000
0.969305 0.168684 0.178870 4.180311 -0.102745 0.938859 -0.328614 97.504524 -0.223365 0.300149 0.927372 1.604768 0.000000 0.000000 0.000000 1.000000
0.946953 0.185691 0.262296 3.610444 -0.085864 0.932692 -0.350304 97.587418 -0.309690 0.309199 0.899160 0.777753 0.000000 0.000000 0.000000 1.000000
0.917996 0.202056 0.341258 2.999937 -0.070559 0.929963 -0.360818 97.535896 -0.390262 0.307151 0.867960 0.062177 0.000000 0.000000 0.000000 1.000000
0.885052 0.209448 0.415711 2.195296 -0.054167 0.933327 -0.354917 97.323074 -0.462331 0.291603 0.837388 -0.527588 0.000000 0.000000 0.000000 1.000000
0.846830 0.211250 0.488111 1.299545 -0.036366 0.938587 -0.343120 97.019775 -0.530619 0.272813 0.802506 -1.037981 0.000000 0.000000 0.000000 1.000000
0.802381 0.201806 0.561658 0.142374 -0.010807 0.945854 -0.324412 96.425385 -0.596715 0.254232 0.761116 -1.277331 0.000000 0.000000 0.000000 1.000000
0.748459 0.183003 0.637432 -1.198302 0.021195 0.954081 -0.298797 95.671021 -0.662843 0.237147 0.710212 -1.376326 0.000000 0.000000 0.000000 1.000000
0.689270 0.157070 0.707274 -2.566952 0.050514 0.963423 -0.263182 94.996239 -0.722742 0.217131 0.656124 -1.414148 0.000000 0.000000 0.000000 1.000000
0.636644 0.123600 0.761188 -3.862473 0.074872 0.972501 -0.220535 94.343201 -0.767514 0.197394 0.609883 -1.419712 0.000000 0.000000 0.000000 1.000000
0.601486 0.089183 0.793890 -4.853728 0.090508 0.979744 -0.178634 93.729538 -0.793740 0.179299 0.581231 -1.335367 0.000000 0.000000 0.000000 1.000000
0.586768 0.058048 0.807672 -5.434722 0.099383 0.984724 -0.142974 93.421127 -0.803633 0.164162 0.572035 -1.131866 0.000000 0.000000 0.000000 1.000000
0.591966 0.031779 0.805336 -5.716087 0.104737 0.987716 -0.115963 93.386627 -0.799129 0.152995 0.581366 -0.894335 0.000000 0.000000 0.000000 1.000000
0.617085 0.016291 0.786728 -5.894701 0.104991 0.989142 -0.102834 93.457481 -0.779861 0.146057 0.608674 -0.795663 0.000000 0.000000 0.000000 1.000000
0.659230 0.020250 0.751669 -6.130647 0.097088 0.988978 -0.111792 93.591148 -0.745647 0.146675 0.649998 -0.992328 0.000000 0.000000 0.000000 1.000000
0.710049 0.044224 0.702762 -6.410443 0.080557 0.986372 -0.143463 93.814972 -0.699529 0.158479 0.696809 -1.440061 0.000000 0.000000 0.000000 1.000000
0.758819 0.075852 0.646870 -6.549220 0.060432 0.980711 -0.185889 94.086227 -0.648492 0.180148 0.739598 -1.857548 0.000000 0.000000 0.000000 1.000000
0.796539 0.097711 0.596639 -6.346021 0.047010 0.973856 -0.222248 94.325119 -0.602756 0.205077 0.771121 -1.949154 0.000000 0.000000 0.000000 1.000000
0.816043 0.099581 0.569348 -5.765692 0.047534 0.970147 -0.237813 94.469269 -0.576033 0.221129 0.786948 -1.666103 0.000000 0.000000 0.000000 1.000000
0.813144 0.081579 0.576317 -5.020040 0.061776 0.972442 -0.224813 94.525093 -0.578775 0.218408 0.785696 -1.181118 0.000000 0.000000 0.000000 1.000000
0.791193 0.048350 0.609652 -4.329018 0.083815 0.978891 -0.186407 94.545876 -0.605796 0.198582 0.770439 -0.591556 0.000000 0.000000 0.000000 1.000000
0.760510 0.004414 0.649312 -3.732240 0.108967 0.984928 -0.134323 94.500305 -0.640118 0.172908 0.748566 0.157381 0.000000 0.000000 0.000000 1.000000
0.730676 -0.044349 0.681282 -3.140185 0.134679 0.987642 -0.080152 94.433624 -0.669309 0.150320 0.727619 1.107063 0.000000 0.000000 0.000000 1.000000
0.706291 -0.095758 0.701415 -2.580421 0.162043 0.986372 -0.028509 94.329201 -0.689126 0.133795 0.712183 2.143489 0.000000 0.000000 0.000000 1.000000
0.687592 -0.151171 0.710187 -2.186210 0.191329 0.981242 0.023626 94.221954 -0.700436 0.119634 0.703617 3.080753 0.000000 0.000000 0.000000 1.000000
0.671421 -0.214178 0.709452 -2.121132 0.222305 0.971448 0.082884 94.098793 -0.706947 0.102065 0.699863 3.735167 0.000000 0.000000 0.000000 1.000000
0.651141 -0.278703 0.705932 -2.927835 0.238442 0.958160 0.158348 93.686905 -0.720528 0.065217 0.690352 3.453557 0.000000 0.000000 0.000000 1.000000
0.629845 -0.344364 0.696210 -3.843696 0.252472 0.938440 0.235772 93.250832 -0.734543 0.027273 0.678014 3.050448 0.000000 0.000000 0.000000 1.000000
0.608098 -0.407132 0.681513 -4.844687 0.262123 0.913304 0.311717 92.754944 -0.749339 -0.010914 0.662097 2.567292 0.000000 0.000000 0.000000 1.000000
0.586530 -0.463444 0.664230 -5.906785 0.265377 0.884805 0.383009 92.163643 -0.765217 -0.048375 0.641952 2.045545 0.000000 0.000000 0.000000 1.000000
0.566575 -0.482014 0.668322 -7.544339 0.228935 0.871209 0.434261 90.844391 -0.791569 -0.093039 0.603955 1.099038 0.000000 0.000000 0.000000 1.000000
0.542087 -0.478800 0.690574 -9.113132 0.176600 0.868355 0.463435 89.427094 -0.821556 -0.129267 0.555280 0.189867 0.000000 0.000000 0.000000 1.000000
0.512161 -0.456356 0.727620 -10.508013 0.119623 0.876808 0.465724 88.041328 -0.850519 -0.151485 0.503657 -0.659889 0.000000 0.000000 0.000000 1.000000
0.482940 -0.414211 0.771491 -11.774265 0.067886 0.896105 0.438620 86.687408 -0.873018 -0.159453 0.460884 -1.464576 0.000000 0.000000 0.000000 1.000000
0.455010 -0.357708 0.815482 -12.922848 0.025621 0.920651 0.389545 85.515793 -0.890118 -0.156353 0.428070 -2.208452 0.000000 0.000000 0.000000 1.000000
0.437280 -0.273120 0.856850 -13.914876 -0.005186 0.951988 0.306091 84.691833 -0.899310 -0.138291 0.414869 -2.881711 0.000000 0.000000 0.000000 1.000000
0.425956 -0.173181 0.888015 -14.646269 -0.027430 0.978586 0.204002 84.284798 -0.904328 -0.111254 0.412084 -3.371163 0.000000 0.000000 0.000000 1.000000
0.419650 -0.064442 0.905395 -14.926832 -0.037183 0.995419 0.088083 84.547890 -0.906924 -0.070629 0.415332 -3.485916 0.000000 0.000000 0.000000 1.000000
0.416186 0.035193 0.908598 -14.976014 -0.046912 0.998751 -0.017196 85.094727 -0.908069 -0.035467 0.417317 -3.449264 0.000000 0.000000 0.000000 1.000000
0.409928 0.067309 0.909631 -14.797844 -0.078636 0.996168 -0.038275 85.671440 -0.908722 -0.055839 0.413650 -3.393334 0.000000 0.000000 0.000000 1.000000
0.399199 0.044066 0.915805 -14.326332 -0.113444 0.993543 0.001643 86.111649 -0.909819 -0.104548 0.401620 -3.256722 0.000000 0.000000 0.000000 1.000000
0.408487 -0.007552 0.912733 -13.359571 -0.130228 0.989254 0.066468 86.664436 -0.903426 -0.146015 0.403114 -2.620794 0.000000 0.000000 0.000000 1.000000
0.462437 -0.064115 0.884331 -11.940703 -0.124026 0.982899 0.136117 87.588158 -0.877935 -0.172625 0.446577 -1.472924 0.000000 0.000000 0.000000 1.000000
0.550571 -0.105197 0.828133 -10.410070 -0.093315 0.978055 0.186281 88.890907 -0.829556 -0.179838 0.528673 -0.237606 0.000000 0.000000 0.000000 1.000000
0.638010 -0.120143 0.760598 -9.089746 -0.049043 0.979408 0.195844 90.285423 -0.768465 -0.162252 0.618979 0.843486 0.000000 0.000000 0.000000 1.000000
0.707282 -0.111911 0.698017 -8.165289 -0.011179 0.985496 0.169329 91.401276 -0.706843 -0.127566 0.695773 1.685875 0.000000 0.000000 0.000000 1.000000
0.757969 -0.091371 0.645860 -7.730479 0.014721 0.992285 0.123104 92.257095 -0.652125 -0.083801 0.753466 2.198330 0.000000 0.000000 0.000000 1.000000
0.793393 -0.066910 0.605022 -7.697599 0.032446 0.997176 0.067731 93.011223 -0.607845 -0.034107 0.793323 2.335952 0.000000 0.000000 0.000000 1.000000
0.822707 -0.042088 0.566905 -7.872444 0.045608 0.998928 0.007974 93.755562 -0.566633 0.019295 0.823744 2.147788 0.000000 0.000000 0.000000 1.000000
0.857405 -0.022360 0.514157 -8.107161 0.055843 0.997199 -0.049756 94.489258 -0.511604 0.071373 0.856252 1.737667 0.000000 0.000000 0.000000 1.000000
0.901193 -0.014296 0.433181 -8.331197 0.063638 0.992988 -0.099621 95.108009 -0.428720 0.117345 0.895784 1.212493 0.000000 0.000000 0.000000 1.000000
0.946053 -0.020430 0.323366 -8.552363 0.070187 0.987235 -0.142969 95.584396 -0.316318 0.157953 0.935411 0.661715 0.000000 0.000000 0.000000 1.000000
0.979815 -0.036623 0.196522 -8.735984 0.073596 0.980114 -0.184284 95.973663 -0.185865 0.195027 0.963026 0.134785 0.000000 0.000000 0.000000 1.000000
0.996110 -0.056959 0.067238 -8.837874 0.070721 0.971938 -0.224354 96.330704 -0.052572 0.228236 0.972185 -0.320309 0.000000 0.000000 0.000000 1.000000
0.995386 -0.079387 -0.053899 -8.839437 0.062804 0.963686 -0.259549 96.612122 0.072547 0.254966 0.964225 -0.687641 0.000000 0.000000 0.000000 1.000000
0.981827 -0.104408 -0.158475 -8.765876 0.055517 0.956545 -0.286250 96.793793 0.181476 0.272250 0.944959 -0.958912 0.000000 0.000000 0.000000 1.000000
0.961177 -0.131092 -0.242805 -8.614328 0.052724 0.950980 -0.304725 96.817108 0.270850 0.280092 0.920972 -1.122386 0.000000 0.000000 0.000000 1.000000
0.937567 -0.158210 -0.309737 -8.396151 0.054934 0.946734 -0.317295 96.728058 0.343438 0.280470 0.896319 -1.172906 0.000000 0.000000 0.000000 1.000000
0.913021 -0.181550 -0.365284 -8.081364 0.057660 0.943944 -0.325030 96.501740 0.403817 0.275696 0.872309 -1.127109 0.000000 0.000000 0.000000 1.000000
0.888139 -0.198095 -0.414689 -7.653741 0.056827 0.942745 -0.328637 96.152260 0.456048 0.268309 0.848546 -1.001931 0.000000 0.000000 0.000000 1.000000
0.862586 -0.207804 -0.461263 -7.073511 0.050589 0.942606 -0.330051 95.589294 0.503375 0.261362 0.823591 -0.808231 0.000000 0.000000 0.000000 1.000000
0.836985 -0.209772 -0.505422 -6.276559 0.036381 0.942896 -0.331095 95.046227 0.546015 0.258734 0.796821 -0.572829 0.000000 0.000000 0.000000 1.000000
0.815119 -0.204875 -0.541856 -5.270255 0.015386 0.942699 -0.333289 94.571411 0.579090 0.263333 0.771564 -0.385335 0.000000 0.000000 0.000000 1.000000
0.802834 -0.201255 -0.561208 -4.237005 -0.002877 0.939985 -0.341204 94.263550 0.596196 0.275545 0.754073 -0.310444 0.000000 0.000000 0.000000 1.000000
0.802742 -0.207513 -0.559056 -3.326264 -0.009189 0.933084 -0.359541 93.995239 0.596256 0.293756 0.747118 -0.341660 0.000000 0.000000 0.000000 1.000000
0.809156 -0.228475 -0.541356 -2.817380 0.004930 0.923917 -0.382562 93.871445 0.587574 0.306883 0.748719 -0.301835 0.000000 0.000000 0.000000 1.000000
0.815232 -0.250035 -0.522378 -2.458878 0.022724 0.915114 -0.402554 93.798248 0.578688 0.316305 0.751712 -0.211129 0.000000 0.000000 0.000000 1.000000
0.815236 -0.262570 -0.516185 -2.450429 0.037040 0.913129 -0.405986 93.833519 0.577943 0.311855 0.754141 0.062946 0.000000 0.000000 0.000000 1.000000
0.811087 -0.257510 -0.525191 -2.701049 0.036082 0.918195 -0.394483 93.921616 0.583811 0.301010 0.754027 0.461738 0.000000 0.000000 0.000000 1.000000
0.806876 -0.234884 -0.542015 -3.248575 0.021249 0.928496 -0.370734 94.076851 0.590338 0.287619 0.754172 0.955791 0.000000 0.000000 0.000000 1.000000
0.805044 -0.196599 -0.559691 -4.056913 -0.001730 0.942704 -0.333626 94.351700 0.593213 0.269552 0.758577 1.496363 0.000000 0.000000 0.000000 1.000000
0.804295 -0.143191 -0.576720 -4.907932 -0.031960 0.958704 -0.282604 94.645729 0.593370 0.245729 0.766505 2.037557 0.000000 0.000000 0.000000 1.000000
0.800763 -0.081440 -0.593419 -5.610464 -0.067638 0.972083 -0.224678 94.928734 0.595150 0.220051 0.772900 2.610341 0.000000 0.000000 0.000000 1.000000
0.791575 -0.018327 -0.610797 -6.024367 -0.107704 0.979717 -0.168979 95.116188 0.601505 0.199545 0.773546 3.239844 0.000000 0.000000 0.000000 1.000000
0.777258 0.043917 -0.627647 -6.080376 -0.148325 0.982235 -0.114953 95.145683 0.611448 0.182444 0.769964 3.873374 0.000000 0.000000 0.000000 1.000000
0.759253 0.110606 -0.641328 -5.670369 -0.187632 0.980810 -0.052977 94.988754 0.623161 0.160557 0.765436 4.354527 0.000000 0.000000 0.000000 1.000000
0.736999 0.185794 -0.649856 -4.547682 -0.218822 0.975283 0.030669 94.544434 0.639492 0.119600 0.759438 4.345269 0.000000 0.000000 0.000000 1.000000
0.713219 0.261580 -0.650303 -3.142454 -0.244092 0.962373 0.119400 94.032730 0.657067 0.073575 0.750233 4.148947 0.000000 0.000000 0.000000 1.000000
0.690644 0.329191 -0.643929 -1.037196 -0.253769 0.944091 0.210461 93.471458 0.677209 0.018055 0.735569 3.507719 0.000000 0.000000 0.000000 1.000000
0.675631 0.361417 -0.642573 1.288335 -0.231645 0.931521 0.280375 92.474136 0.699902 -0.040581 0.713085 2.726498 0.000000 0.000000 0.000000 1.000000
0.666421 0.360543 -0.652604 3.694683 -0.190342 0.928570 0.318633 91.265366 0.720870 -0.088126 0.687445 2.002462 0.000000 0.000000 0.000000 1.000000
0.661746 0.337484 -0.669474 6.085864 -0.146695 0.933981 0.325821 90.006477 0.735236 -0.117402 0.667566 1.343508 0.000000 0.000000 0.000000 1.000000
0.660280 0.298150 -0.689302 8.398776 -0.106269 0.945677 0.307248 88.855972 0.743463 -0.129618 0.656096 0.688150 0.000000 0.000000 0.000000 1.000000
0.653786 0.265029 -0.708747 10.503295 -0.076672 0.955037 0.286400 88.044846 0.752785 -0.132903 0.644711 -0.201648 0.000000 0.000000 0.000000 1.000000
0.645357 0.232425 -0.727663 12.566661 -0.049471 0.963303 0.263817 87.298721 0.762278 -0.134258 0.633173 -1.131627 0.000000 0.000000 0.000000 1.000000
0.633927 0.191979 -0.749186 14.596752 -0.019478 0.972357 0.232685 86.574348 0.773147 -0.132913 0.620143 -2.001173 0.000000 0.000000 0.000000 1.000000
0.610345 0.109105 -0.784586 16.463099 0.027838 0.986903 0.158895 85.944351 0.791646 -0.118822 0.599314 -2.535020 0.000000 0.000000 0.000000 1.000000
0.581223 -0.009624 -0.813687 17.855785 0.074128 0.996399 0.041165 85.672447 0.810361 -0.084243 0.579843 -2.657868 0.000000 0.000000 0.000000 1.000000
0.568828 -0.114541 -0.814442 18.837374 0.101135 0.992481 -0.068944 85.778175 0.816215 -0.043151 0.576135 -2.628492 0.000000 0.000000 0.000000 1.000000
0.576739 -0.171456 -0.798733 19.586765 0.115322 0.985024 -0.128175 86.072380 0.808748 -0.018188 0.587874 -2.571599 0.000000 0.000000 0.000000 1.000000
0.592859 -0.167781 -0.787635 20.039906 0.119730 0.985550 -0.119818 86.324539 0.796356 -0.023268 0.604380 -2.483822 0.000000 0.000000 0.000000 1.000000
0.606836 -0.110441 -0.787117 19.880627 0.108730 0.992524 -0.055436 86.456596 0.787355 -0.051943 0.614307 -2.222532 0.000000 0.000000 0.000000 1.000000
0.617531 -0.013151 -0.786436 18.984650 0.079711 0.995759 0.045941 86.734413 0.782497 -0.091058 0.615960 -1.692303 0.000000 0.000000 0.000000 1.000000
0.632446 0.108272 -0.767000 17.584568 0.035483 0.985094 0.168316 87.535690 0.773792 -0.133666 0.619177 -0.921127 0.000000 0.000000 0.000000 1.000000
0.664491 0.227483 -0.711831 16.029221 -0.025120 0.958803 0.282960 88.865456 0.746874 -0.170143 0.642830 -0.005320 0.000000 0.000000 0.000000 1.000000
0.718677 0.307716 -0.623550 14.511724 -0.098047 0.932636 0.347241 90.205421 0.688397 -0.188417 0.700434 0.927126 0.000000 0.000000 0.000000 1.000000
0.780683 0.334922 -0.527599 13.186166 -0.166907 0.925336 0.340435 91.267632 0.602225 -0.177712 0.778295 1.810029 0.000000 0.000000 0.000000 1.000000
0.833043 0.328107 -0.445404 12.227054 -0.218138 0.934716 0.280573 91.976669 0.508384 -0.136570 0.850232 2.634037 0.000000 0.000000 0.000000 1.000000
0.870296 0.308391 -0.384031 11.563352 -0.245268 0.947519 0.205063 92.515732 0.427116 -0.084275 0.900261 3.366105 0.000000 0.000000 0.000000 1.000000
0.896971 0.282149 -0.340346 10.911384 -0.249412 0.958605 0.137371 93.004547 0.365016 -0.038332 0.930212 3.935239 0.000000 0.000000 0.000000 1.000000
0.919697 0.252265 -0.300866 10.265103 -0.241669 0.967640 0.072589 93.607605 0.309441 0.005950 0.950900 4.284678 0.000000 0.000000 0.000000 1.000000
0.943230 0.219752 -0.249049 9.722597 -0.227508 0.973773 -0.002424 94.287247 0.241985 0.058947 0.968488 4.357580 0.000000 0.000000 0.000000 1.000000
0.965924 0.190397 -0.175329 9.273898 -0.207862 0.974267 -0.087158 94.982750 0.154222 0.120632 0.980644 4.124030 0.000000 0.000000 0.000000 1.000000
0.981742 0.172100 -0.081025 8.816422 -0.183668 0.968460 -0.168381 95.701866 0.049491 0.180188 0.982386 3.591318 0.000000 0.000000 0.000000 1.000000
0.986023 0.164877 0.023958 8.255872 -0.154724 0.959510 -0.235375 96.270515 -0.061796 0.228378 0.971609 2.832785 0.000000 0.000000 0.000000 1.000000
0.978050 0.166263 0.125596 7.736806 -0.124610 0.949801 -0.286967 96.779808 -0.167003 0.265018 0.949671 1.989250 0.000000 0.000000 0.000000 1.000000
0.961656 0.173213 0.212637 7.335675 -0.097457 0.940538 -0.325407 97.088249 -0.256358 0.292207 0.921356 1.158053 0.000000 0.000000 0.000000 1.000000
0.941295 0.184076 0.282984 6.994845 -0.076835 0.933078 -0.351371 97.249641 -0.328725 0.309001 0.892445 0.366853 0.000000 0.000000 0.000000 1.000000
0.918035 0.196756 0.344237 6.582255 -0.061603 0.928427 -0.366373 97.332062 -0.391685 0.315137 0.864449 -0.406369 0.000000 0.000000 0.000000 1.000000
0.889512 0.208827 0.406398 6.024825 -0.046195 0.925991 -0.374709 97.351906 -0.454570 0.314535 0.833327 -1.175287 0.000000 0.000000 0.000000 1.000000
0.853630 0.217916 0.473106 5.327932 -0.025770 0.924837 -0.379489 97.254135 -0.520243 0.311752 0.795084 -1.887394 0.000000 0.000000 0.000000 1.000000
0.812744 0.220689 0.539206 4.479543 -0.000703 0.925855 -0.377878 96.952583 -0.582621 0.306739 0.752638 -2.433325 0.000000 0.000000 0.000000 1.000000
0.773268 0.212854 0.597285 3.389197 0.025453 0.930794 -0.364657 96.363220 -0.633568 0.297180 0.714335 -2.735340 0.000000 0.000000 0.000000 1.000000
0.740040 0.191991 0.644578 2.028664 0.052473 0.938987 -0.339927 95.556770 -0.670513 0.285383 0.684813 -2.778829 0.000000 0.000000 0.000000 1.000000
0.714848 0.160157 0.680692 0.566572 0.080944 0.947924 -0.308039 94.761452 -0.694579 0.275298 0.664658 -2.629053 0.000000 0.000000 0.000000 1.000000
0.700458 0.121743 0.703234 -0.775995 0.107381 0.956149 -0.272485 94.075424 -0.705569 0.266378 0.656669 -2.431988 0.000000 0.000000 0.000000 1.000000
0.699364 0.085895 0.709585 -1.794665 0.123001 0.963481 -0.237857 93.613754 -0.704102 0.253628 0.663259 -2.329703 0.000000 0.000000 0.000000 1.000000
0.709791 0.062751 0.701611 -2.468076 0.125937 0.968672 -0.214043 93.562439 -0.693063 0.240285 0.679652 -2.353889 0.000000 0.000000 0.000000 1.000000
0.728631 0.062223 0.682074 -2.821138 0.117331 0.969803 -0.213811 93.702309 -0.674781 0.235818 0.699328 -2.401533 0.000000 0.000000 0.000000 1.000000
0.754194 0.085496 0.651062 -2.831474 0.098250 0.965634 -0.240618 93.853806 -0.649260 0.245440 0.719876 -2.338909 0.000000 0.000000 0.000000 1.000000
0.781748 0.119704 0.611997 -2.482642 0.072908 0.957127 -0.280342 93.966766 -0.619317 0.263776 0.739505 -2.070330 0.000000 0.000000 0.000000 1.000000
0.800850 0.144355 0.581206 -1.814731 0.053344 0.949460 -0.309323 94.123543 -0.596484 0.278725 0.752675 -1.559321 0.000000 0.000000 0.000000 1.000000
0.800356 0.147135 0.581190 -0.902593 0.051404 0.949006 -0.311040 94.287750 -0.597317 0.278818 0.751979 -0.880978 0.000000 0.000000 0.000000 1.000000
0.775323 0.129546 0.618136 0.159403 0.066326 0.956624 -0.283676 94.386711 -0.628073 0.260939 0.733100 -0.146872 0.000000 0.000000 0.000000 1.000000
0.733642 0.098386 0.672376 1.246709 0.085744 0.968152 -0.235223 94.380516 -0.674105 0.230222 0.701841 0.635439 0.000000 0.000000 0.000000 1.000000
0.693942 0.058724 0.717633 2.222646 0.099423 0.979306 -0.176278 94.332741 -0.713134 0.193676 0.673743 1.523552 0.000000 0.000000 0.000000 1.000000
0.668830 0.012742 0.743307 3.000049 0.108152 0.987548 -0.114244 94.336266 -0.735507 0.156800 0.659123 2.495071 0.000000 0.000000 0.000000 1.000000
0.656456 -0.039155 0.753347 3.529706 0.119262 0.991480 -0.052392 94.359009 -0.744877 0.124239 0.655533 3.397923 0.000000 0.000000 0.000000 1.000000
0.648967 -0.094954 0.754868 3.826018 0.134770 0.990838 0.008773 94.427414 -0.748785 0.096040 0.655818 4.090180 0.000000 0.000000 0.000000 1.000000
0.640964 -0.157389 0.751261 3.781111 0.155368 0.985095 0.073819 94.476974 -0.751682 0.069407 0.655864 4.474031 0.000000 0.000000 0.000000 1.000000
0.631690 -0.233534 0.739209 3.213749 0.180746 0.971634 0.152506 94.406616 -0.753856 0.037272 0.655982 4.499910 0.000000 0.000000 0.000000 1.000000
0.623742 -0.321223 0.712574 2.060638 0.206676 0.946984 0.245982 94.120712 -0.753811 -0.006158 0.657063 4.170039 0.000000 0.000000 0.000000 1.000000
0.619838 -0.397612 0.676539 0.477919 0.222358 0.915788 0.334500 93.512459 -0.752567 -0.056902 0.656052 3.542959 0.000000 0.000000 0.000000 1.000000
0.618154 -0.440153 0.651269 -1.365223 0.219844 0.892269 0.394366 92.513535 -0.754688 -0.100602 0.648325 2.673800 0.000000 0.000000 0.000000 1.000000
0.613609 -0.447551 0.650525 -3.339956 0.199004 0.884915 0.421097 91.241280 -0.764121 -0.128932 0.632056 1.639627 0.000000 0.000000 0.000000 1.000000
0.602617 -0.432256 0.670826 -5.398466 0.164730 0.889876 0.425424 89.833206 -0.780844 -0.145863 0.607460 0.514459 0.000000 0.000000 0.000000 1.000000
0.583737 -0.402965 0.704891 -7.499335 0.121854 0.901799 0.414621 88.388054 -0.802747 -0.156135 0.575516 -0.636532 0.000000 0.000000 0.000000 1.000000
0.556688 -0.358216 0.749519 -9.534322 0.072629 0.919783 0.385647 86.989441 -0.827540 -0.160248 0.538050 -1.730166 0.000000 0.000000 0.000000 1.000000
0.528252 -0.283352 0.800413 -11.190010 0.029235 0.948185 0.316370 86.023224 -0.848584 -0.143723 0.509164 -2.551795 0.000000 0.000000 0.000000 1.000000
0.496692 -0.198975 0.844811 -12.765429 -0.009079 0.972122 0.234298 85.148376 -0.867879 -0.124044 0.481039 -3.317948 0.000000 0.000000 0.000000 1.000000
0.464811 -0.104902 0.879174 -14.194434 -0.038439 0.989630 0.138404 84.438110 -0.884575 -0.098126 0.455958 -4.012521 0.000000 0.000000 0.000000 1.000000
0.447145 0.025525 0.894097 -14.869315 -0.043640 0.999025 -0.006696 84.575211 -0.893396 -0.036025 0.447823 -4.343825 0.000000 0.000000 0.000000 1.000000
0.440517 0.156396 0.884016 -15.083289 -0.047596 0.987392 -0.150967 85.126236 -0.896482 0.024428 0.442407 -4.458187 0.000000 0.000000 0.000000 1.000000
0.443804 0.244488 0.862127 -15.035086 -0.067867 0.968470 -0.239709 85.803932 -0.893550 0.047874 0.446404 -4.344340 0.000000 0.000000 0.000000 1.000000
0.461847 0.268458 0.845356 -14.784657 -0.107453 0.963010 -0.247115 86.348656 -0.880426 0.023293 0.473610 -3.930816 0.000000 0.000000 0.000000 1.000000
0.501656 0.242003 0.830528 -14.257279 -0.152025 0.969794 -0.190756 86.766792 -0.851604 -0.030567 0.523293 -3.194047 0.000000 0.000000 0.000000 1.000000
0.565770 0.193999 0.801417 -13.369183 -0.184290 0.977093 -0.106423 87.232224 -0.803705 -0.087482 0.588562 -2.183736 0.000000 0.000000 0.000000 1.000000
0.650315 0.143262 0.746034 -12.272537 -0.190216 0.981481 -0.022664 88.060501 -0.735464 -0.127169 0.665523 -0.962355 0.000000 0.000000 0.000000 1.000000
0.743426 0.096819 0.661773 -11.231871 -0.167717 0.984838 0.044327 89.306702 -0.647447 -0.143945 0.748393 0.402849 0.000000 0.000000 0.000000 1.000000
0.829059 0.061120 0.555811 -10.487650 -0.128995 0.988102 0.083755 90.732933 -0.544079 -0.141135 0.827079 1.715585 0.000000 0.000000 0.000000 1.000000
0.895739 0.043479 0.442449 -10.117020 -0.092154 0.991750 0.089107 92.023575 -0.434924 -0.120590 0.892356 2.700376 0.000000 0.000000 0.000000 1.000000
0.940225 0.043302 0.337791 -10.067022 -0.067612 0.995874 0.060533 93.018227 -0.333776 -0.079754 0.939273 3.195664 0.000000 0.000000 0.000000 1.000000
0.966475 0.050049 0.251834 -10.253942 -0.054123 0.998491 0.009275 93.742691 -0.250990 -0.022594 0.967726 3.178190 0.000000 0.000000 0.000000 1.000000
0.981529 0.050856 0.184428 -10.548601 -0.043407 0.998079 -0.044210 94.297836 -0.186322 0.035388 0.981851 2.654057 0.000000 0.000000 0.000000 1.000000
0.992326 0.043388 0.115786 -10.792564 -0.032474 0.994991 -0.094539 94.811226 -0.119308 0.090054 0.988765 1.993319 0.000000 0.000000 0.000000 1.000000
0.999130 0.024152 0.033999 -10.850971 -0.019358 0.990674 -0.134869 95.328186 -0.036939 0.134094 0.990280 1.252521 0.000000 0.000000 0.000000 1.000000
0.998584 -0.003280 -0.053106 -10.815760 -0.005963 0.984912 -0.172952 95.799232 0.052872 0.173024 0.983497 0.482232 0.000000 0.000000 0.000000 1.000000
0.988221 -0.037440 -0.148382 -10.652216 0.005064 0.977079 -0.212815 96.078217 0.152949 0.209557 0.965760 -0.205591 0.000000 0.000000 0.000000 1.000000
0.970036 -0.079420 -0.229612 -10.392409 0.020482 0.968431 -0.248440 96.215157 0.242095 0.236293 0.941040 -0.769346 0.000000 0.000000 0.000000 1.000000
0.944245 -0.125930 -0.304209 -10.111704 0.035889 0.957824 -0.285104 96.321991 0.327282 0.258290 0.908940 -1.306787 0.000000 0.000000 0.000000 1.000000
0.912447 -0.173922 -0.370393 -9.785418 0.049731 0.945601 -0.321506 96.373413 0.406161 0.274937 0.871460 -1.795398 0.000000 0.000000 0.000000 1.000000
0.883994 -0.211811 -0.416763 -9.222998 0.060536 0.935830 -0.347215 96.139320 0.463563 0.281707 0.840090 -2.032365 0.000000 0.000000 0.000000 1.000000
0.857933 -0.243216 -0.452546 -8.593105 0.067025 0.926304 -0.370767 95.827377 0.509372 0.287762 0.811008 -2.116062 0.000000 0.000000 0.000000 1.000000
0.834249 -0.266261 -0.482839 -7.908033 0.066623 0.917940 -0.391085 95.351349 0.547348 0.294094 0.783529 -2.079016 0.000000 0.000000 0.000000 1.000000
0.813862 -0.276846 -0.510866 -7.203814 0.055693 0.912319 -0.405675 94.796013 0.578382 0.301712 0.757921 -1.924814 0.000000 0.000000 0.000000 1.000000
0.798047 -0.272859 -0.537280 -6.531039 0.033485 0.910311 -0.412568 94.256721 0.601665 0.311257 0.735607 -1.650075 0.000000 0.000000 0.000000 1.000000
0.786731 -0.257319 -0.561108 -5.938660 0.005214 0.911714 -0.410793 93.838562 0.617275 0.320258 0.718615 -1.311184 0.000000 0.000000 0.000000 1.000000
0.779852 -0.235954 -0.579790 -5.319006 -0.023147 0.914732 -0.403398 93.442223 0.625536 0.328011 0.707894 -1.088830 0.000000 0.000000 0.000000 1.000000
0.779955 -0.224918 -0.584022 -4.752859 -0.034603 0.916262 -0.399081 93.393669 0.624878 0.331474 0.706861 -1.081744 0.000000 0.000000 0.000000 1.000000
0.792117 -0.230454 -0.565192 -4.116045 -0.023699 0.913673 -0.405759 93.511597 0.609909 0.334803 0.718274 -1.304577 0.000000 0.000000 0.000000 1.000000</float_array>
        <technique_common>
          <accessor source="#mixamorig_Hips-Matrix-animation-output-transform-array" count="213" stride="16">
            <param type="float4x4"/>
          </accessor>
        </technique_common>
      </source>
      <source id="mixamorig_Hips-Interpolations">
        <Name_array id="mixamorig_Hips-Interpolations-array" count="213">
 LINEAR LINEAR LINEAR LINEAR LINEAR LINEAR LINEAR LINEAR LINEAR LINEAR LINEAR
LINEAR LINEAR LINEAR LINEAR LINEAR LINEAR LINEAR LINEAR LINEAR LINEAR LINEAR LINEAR
LINEAR LINEAR LINEAR LINEAR LINEAR LINEAR LINEAR LINEAR LINEAR LINEAR LINEAR LINEAR
LINEAR LINEAR LINEAR LINEAR LINEAR LINEAR LINEAR LINEAR LINEAR LINEAR LINEAR LINEAR
LINEAR LINEAR LINEAR LINEAR LINEAR LINEAR LINEAR LINEAR LINEAR LINEAR LINEAR LINEAR
LINEAR LINEAR LINEAR LINEAR LINEAR LINEAR LINEAR LINEAR LINEAR LINEAR LINEAR LINEAR
LINEAR LINEAR LINEAR LINEAR LINEAR LINEAR LINEAR LINEAR LINEAR LINEAR LINEAR LINEAR
LINEAR LINEAR LINEAR LINEAR LINEAR LINEAR LINEAR LINEAR LINEAR LINEAR LINEAR LINEAR
LINEAR LINEAR LINEAR LINEAR LINEAR LINEAR LINEAR LINEAR LINEAR LINEAR LINEAR LINEAR
LINEAR LINEAR LINEAR LINEAR LINEAR LINEAR LINEAR LINEAR LINEAR LINEAR LINEAR LINEAR
LINEAR LINEAR LINEAR LINEAR LINEAR LINEAR LINEAR LINEAR LINEAR LINEAR LINEAR LINEAR
LINEAR LINEAR LINEAR LINEAR LINEAR LINEAR LINEAR LINEAR LINEAR LINEAR LINEAR LINEAR
LINEAR LINEAR LINEAR LINEAR LINEAR LINEAR LINEAR LINEAR LINEAR LINEAR LINEAR LINEAR
LINEAR LINEAR LINEAR LINEAR LINEAR LINEAR LINEAR LINEAR LINEAR LINEAR LINEAR LINEAR
LINEAR LINEAR LINEAR LINEAR LINEAR LINEAR LINEAR LINEAR LINEAR LINEAR LINEAR LINEAR
LINEAR LINEAR LINEAR LINEAR LINEAR LINEAR LINEAR LINEAR LINEAR LINEAR LINEAR LINEAR
LINEAR LINEAR LINEAR LINEAR LINEAR LINEAR LINEAR LINEAR LINEAR LINEAR LINEAR LINEAR
LINEAR LINEAR LINEAR LINEAR LINEAR LINEAR LINEAR LINEAR LINEAR LINEAR</Name_array>
        <technique_common>
          <accessor source="#mixamorig_Hips-Interpolations-array" count="213">
            <param type="name"/>
          </accessor>
        </technique_common>
      </source>
      <sampler id="mixamorig_Hips-Matrix-animation-transform">
        <input semantic="INPUT" source="#mixamorig_Hips-Matrix-animation-input"/>
        <input semantic="OUTPUT" source="#mixamorig_Hips-Matrix-animation-output-transform"/>
        <input semantic="INTERPOLATION" source="#mixamorig_Hips-Interpolations"/>
      </sampler>
      <channel source="#mixamorig_Hips-Matrix-animation-transform" target="mixamorig_Hips/matrix"/>
    </animation>
    <animation id="mixamorig_Spine-anim" name="mixamorig_Spine">
      <source id="mixamorig_Spine-Matrix-animation-input">
        <float_array id="mixamorig_Spine-Matrix-animation-input-array" count="213">

0.000000 0.033333 0.066667 0.100000 0.133333 0.166667 0.200000 0.233333 0.266667 0.300000 0.333333 0.366667 0.400000 0.433333 0.466667 0.500000
0.533333 0.566667 0.600000 0.633333 0.666667 0.700000 0.733333 0.766667 0.800000 0.833333 0.866667 0.900000 0.933333 0.966667 1.000000 1.033333
1.066667 1.100000 1.133333 1.166667 1.200000 1.233333 1.266667 1.300000 1.333333 1.366667 1.400000 1.433333 1.466667 1.500000 1.533333 1.566667
1.600000 1.633333 1.666667 1.700000 1.733333 1.766667 1.800000 1.833333 1.866667 1.900000 1.933333 1.966667 2.000000 2.033333 2.066667 2.100000
2.133333 2.166667 2.200000 2.233333 2.266667 2.300000 2.333333 2.366667 2.400000 2.433333 2.466667 2.500000 2.533333 2.566667 2.600000 2.633333
2.666667 2.700000 2.733333 2.766667 2.800000 2.833333 2.866667 2.900000 2.933333 2.966667 3.000000 3.033333 3.066667 3.100000 3.133333 3.166667
3.200000 3.233333 3.266667 3.300000 3.333333 3.366667 3.400000 3.433333 3.466667 3.500000 3.533333 3.566667 3.600000 3.633333 3.666667 3.700000
3.733333 3.766667 3.800000 3.833333 3.866667 3.900000 3.933333 3.966667 4.000000 4.033333 4.066667 4.100000 4.133333 4.166667 4.200000 4.233333
4.266667 4.300000 4.333333 4.366667 4.400000 4.433333 4.466667 4.500000 4.533333 4.566667 4.600000 4.633333 4.666667 4.700000 4.733333 4.766667
4.800000 4.833333 4.866667 4.900000 4.933333 4.966667 5.000000 5.033333 5.066667 5.100000 5.133333 5.166667 5.200000 5.233333 5.266667 5.300000
5.333333 5.366667 5.400000 5.433333 5.466667 5.500000 5.533333 5.566667 5.600000 5.633333 5.666667 5.700000 5.733333 5.766667 5.800000 5.833333
5.866667 5.900000 5.933333 5.966667 6.000000 6.033333 6.066667 6.100000 6.133333 6.166667 6.200000 6.233333 6.266667 6.300000 6.333333 6.366667
6.400000 6.433333 6.466667 6.500000 6.533333 6.566667 6.600000 6.633333 6.666667 6.700000 6.733333 6.766667 6.800000 6.833333 6.866667 6.900000
6.933333 6.966667 7.000000 7.033333 7.066667</float_array>
        <technique_common>
          <accessor source="#mixamorig_Spine-Matrix-animation-input-array" count="213">
            <param name="TIME" type="float"/>
          </accessor>
        </technique_common>
      </source>
      <source id="mixamorig_Spine-Matrix-animation-output-transform">
        <float_array id="mixamorig_Spine-Matrix-animation-output-transform-array" count="3408">

