<?xml version="1.0" encoding="utf-8"?>
<COLLADA xmlns="http://www.collada.org/2005/11/COLLADASchema" version="1.4.1">
  <asset>
    <contributor>
      <author>Mixamo</author>
      <authoring_tool>COLLADA Mixamo exporter</authoring_tool>
      <comments/>
    </contributor>
    <created>2026-03-17T11:46:02Z</created>
    <modified>2026-03-17T11:46:02Z</modified>
    <revision/>
    <title/>
    <unit meter="0.010000"/>
    <up_axis>Y_UP</up_axis>
  </asset>
  <library_animations>
    <animation id="mixamorig_Hips-anim" name="mixamorig_Hips">
      <source id="mixamorig_Hips-Matrix-animation-input">
        <float_array id="mixamorig_Hips-Matrix-animation-input-array" count="251">

0.000000 0.033333 0.066667 0.100000 0.133333 0.166667 0.200000 0.233333 0.266667 0.300000 0.333333 0.366667 0.400000 0.433333 0.466667 0.500000
0.533333 0.566667 0.600000 0.633333 0.666667 0.700000 0.733333 0.766667 0.800000 0.833333 0.866667 0.900000 0.933333 0.966667 1.000000 1.033333
1.066667 1.100000 1.133333 1.166667 1.200000 1.233333 1.266667 1.300000 1.333333 1.366667 1.400000 1.433333 1.466667 1.500000 1.533333 1.566667
1.600000 1.633333 1.666667 1.700000 1.733333 1.766667 1.800000 1.833333 1.866667 1.900000 1.933333 1.966667 2.000000 2.033333 2.066667 2.100000
2.133333 2.166667 2.200000 2.233333 2.266667 2.300000 2.333333 2.366667 2.400000 2.433333 2.466667 2.500000 2.533333 2.566667 2.600000 2.633333
2.666667 2.700000 2.733333 2.766667 2.800000 2.833333 2.866667 2.900000 2.933333 2.966667 3.000000 3.033333 3.066667 3.100000 3.133333 3.166667
3.200000 3.233333 3.266667 3.300000 3.333333 3.366667 3.400000 3.433333 3.466667 3.500000 3.533333 3.566667 3.600000 3.633333 3.666667 3.700000
3.733333 3.766667 3.800000 3.833333 3.866667 3.900000 3.933333 3.966667 4.000000 4.033333 4.066667 4.100000 4.133333 4.166667 4.200000 4.233333
4.266667 4.300000 4.333333 4.366667 4.400000 4.433333 4.466667 4.500000 4.533333 4.566667 4.600000 4.633333 4.666667 4.700000 4.733333 4.766667
4.800000 4.833333 4.866667 4.900000 4.933333 4.966667 5.000000 5.033333 5.066667 5.100000 5.133333 5.166667 5.200000 5.233333 5.266667 5.300000
5.333333 5.366667 5.400000 5.433333 5.466667 5.500000 5.533333 5.566667 5.600000 5.633333 5.666667 5.700000 5.733333 5.766667 5.800000 5.833333
5.866667 5.900000 5.933333 5.966667 6.000000 6.033333 6.066667 6.100000 6.133333 6.166667 6.200000 6.233333 6.266667 6.300000 6.333333 6.366667
6.400000 6.433333 6.466667 6.500000 6.533333 6.566667 6.600000 6.633333 6.666667 6.700000 6.733333 6.766667 6.800000 6.833333 6.866667 6.900000
6.933333 6.966667 7.000000 7.033333 7.066667 7.100000 7.133333 7.166667 7.200000 7.233333 7.266667 7.300000 7.333333 7.366667 7.400000 7.433333
7.466667 7.500000 7.533333 7.566667 7.600000 7.633333 7.666667 7.700000 7.733333 7.766667 7.800000 7.833333 7.866667 7.900000 7.933333 7.966667
8.000000 8.033333 8.066667 8.100000 8.133333 8.166667 8.200000 8.233333 8.266667 8.300000 8.333333</float_array>
        <technique_common>
          <accessor source="#mixamorig_Hips-Matrix-animation-input-array" count="251">
            <param name="TIME" type="float"/>
          </accessor>
        </technique_common>
      </source>
      <source id="mixamorig_Hips-Matrix-animation-output-transform">
        <float_array id="mixamorig_Hips-Matrix-animation-output-transform-array" count="4016">

0.993879 0.062669 -0.090978 0.075059 -0.056851 0.996252 0.065187 97.124420 0.094722 -0.059615 0.993717 0.442305 0.000000 0.000000 0.000000 1.000000
0.993880 0.062678 -0.090957 0.076024 -0.056891 0.996270 0.064878 97.125313 0.094684 -0.059306 0.993739 0.444029 0.000000 0.000000 0.000000 1.000000
0.993865 0.062698 -0.091109 0.077217 -0.056924 0.996283 0.064650 97.127869 0.094824 -0.059067 0.993740 0.449190 0.000000 0.000000 0.000000 1.000000
0.993846 0.062688 -0.091328 0.078906 -0.056917 0.996295 0.064477 97.130585 0.095032 -0.058882 0.993731 0.456654 0.000000 0.000000 0.000000 1.000000
0.993812 0.062707 -0.091678 0.080525 -0.056924 0.996300 0.064387 97.134071 0.095376 -0.058770 0.993705 0.465378 0.000000 0.000000 0.000000 1.000000
0.993755 0.062776 -0.092251 0.081806 -0.056963 0.996301 0.064345 97.138954 0.095949 -0.058689 0.993655 0.474617 0.000000 0.000000 0.000000 1.000000
0.993681 0.062856 -0.092992 0.083035 -0.057008 0.996303 0.064265 97.144058 0.096688 -0.058558 0.993591 0.483634 0.000000 0.000000 0.000000 1.000000
0.993606 0.062915 -0.093749 0.084192 -0.057034 0.996309 0.064150 97.146263 0.097439 -0.058393 0.993527 0.492029 0.000000 0.000000 0.000000 1.000000
0.993533 0.062984 -0.094471 0.085084 -0.057065 0.996311 0.064093 97.145615 0.098160 -0.058288 0.993462 0.500232 0.000000 0.000000 0.000000 1.000000
0.993456 0.063106 -0.095200 0.086144 -0.057145 0.996306 0.064094 97.146912 0.098893 -0.058234 0.993393 0.509021 0.000000 0.000000 0.000000 1.000000
0.993374 0.063301 -0.095924 0.088175 -0.057306 0.996302 0.064012 97.153305 0.099621 -0.058091 0.993328 0.518436 0.000000 0.000000 0.000000 1.000000
0.993294 0.063489 -0.096624 0.090712 -0.057478 0.996308 0.063773 97.160942 0.100316 -0.057792 0.993276 0.527662 0.000000 0.000000 0.000000 1.000000
0.993222 0.063586 -0.097298 0.092375 -0.057567 0.996323 0.063460 97.163445 0.100976 -0.057428 0.993230 0.536039 0.000000 0.000000 0.000000 1.000000
0.993159 0.063655 -0.097898 0.092918 -0.057630 0.996336 0.063186 97.161942 0.101562 -0.057112 0.993189 0.543748 0.000000 0.000000 0.000000 1.000000
0.993100 0.063774 -0.098410 0.092015 -0.057740 0.996342 0.062995 97.160072 0.102067 -0.056878 0.993150 0.551112 0.000000 0.000000 0.000000 1.000000
0.993040 0.063976 -0.098883 0.088761 -0.057929 0.996340 0.062855 97.159760 0.102542 -0.056690 0.993112 0.558005 0.000000 0.000000 0.000000 1.000000
0.992985 0.064206 -0.099288 0.082704 -0.058157 0.996338 0.062669 97.159065 0.102949 -0.056455 0.993083 0.563949 0.000000 0.000000 0.000000 1.000000
0.992950 0.064386 -0.099523 0.074946 -0.058357 0.996347 0.062346 97.156601 0.103174 -0.056098 0.993080 0.569531 0.000000 0.000000 0.000000 1.000000
0.992934 0.064502 -0.099609 0.067034 -0.058512 0.996364 0.061929 97.153900 0.103242 -0.055663 0.993098 0.576182 0.000000 0.000000 0.000000 1.000000
0.992919 0.064621 -0.099684 0.059507 -0.058667 0.996378 0.061552 97.153526 0.103301 -0.055268 0.993113 0.584230 0.000000 0.000000 0.000000 1.000000
0.992899 0.064772 -0.099779 0.051539 -0.058841 0.996385 0.061274 97.155457 0.103387 -0.054968 0.993121 0.592811 0.000000 0.000000 0.000000 1.000000
0.992891 0.064897 -0.099781 0.042327 -0.058997 0.996393 0.060989 97.157814 0.103379 -0.054669 0.993138 0.602064 0.000000 0.000000 0.000000 1.000000
0.992900 0.064933 -0.099665 0.032074 -0.059085 0.996415 0.060549 97.158424 0.103240 -0.054231 0.993177 0.612937 0.000000 0.000000 0.000000 1.000000
0.992907 0.064915 -0.099607 0.021963 -0.059128 0.996446 0.059993 97.157867 0.103147 -0.053678 0.993217 0.626239 0.000000 0.000000 0.000000 1.000000
0.992893 0.064937 -0.099734 0.012985 -0.059193 0.996471 0.059514 97.160515 0.103246 -0.053187 0.993233 0.642806 0.000000 0.000000 0.000000 1.000000
0.992874 0.064919 -0.099935 0.004862 -0.059196 0.996489 0.059202 97.165688 0.103428 -0.052864 0.993231 0.662434 0.000000 0.000000 0.000000 1.000000
0.992871 0.064783 -0.100048 -0.002626 -0.059073 0.996508 0.059015 97.171051 0.103522 -0.052684 0.993231 0.683769 0.000000 0.000000 0.000000 1.000000
0.992891 0.064489 -0.100040 -0.010279 -0.058787 0.996529 0.058938 97.170280 0.103494 -0.052638 0.993236 0.704270 0.000000 0.000000 0.000000 1.000000
0.992926 0.064141 -0.099918 -0.018543 -0.058437 0.996546 0.059006 97.165085 0.103357 -0.052749 0.993245 0.723141 0.000000 0.000000 0.000000 1.000000
0.992968 0.063833 -0.099696 -0.027942 -0.058120 0.996553 0.059203 97.161400 0.103131 -0.052992 0.993255 0.742448 0.000000 0.000000 0.000000 1.000000
0.993005 0.063582 -0.099488 -0.039369 -0.057848 0.996551 0.059497 97.161705 0.102928 -0.053326 0.993258 0.764918 0.000000 0.000000 0.000000 1.000000
0.993023 0.063384 -0.099437 -0.053004 -0.057610 0.996540 0.059904 97.163673 0.102890 -0.053758 0.993239 0.790577 0.000000 0.000000 0.000000 1.000000
0.993029 0.063224 -0.099478 -0.067531 -0.057396 0.996523 0.060396 97.164413 0.102950 -0.054265 0.993205 0.816502 0.000000 0.000000 0.000000 1.000000
0.993044 0.063070 -0.099431 -0.081190 -0.057193 0.996505 0.060890 97.163452 0.102924 -0.054779 0.993180 0.840002 0.000000 0.000000 0.000000 1.000000
0.993070 0.062909 -0.099266 -0.093758 -0.056992 0.996487 0.061362 97.162178 0.102777 -0.055279 0.993167 0.860244 0.000000 0.000000 0.000000 1.000000
0.993110 0.062698 -0.099001 -0.105982 -0.056744 0.996471 0.061856 97.160088 0.102529 -0.055812 0.993163 0.876866 0.000000 0.000000 0.000000 1.000000
0.993171 0.062418 -0.098567 -0.117983 -0.056431 0.996454 0.062407 97.157539 0.102113 -0.056419 0.993172 0.890131 0.000000 0.000000 0.000000 1.000000
0.993259 0.062063 -0.097898 -0.129455 -0.056055 0.996440 0.062968 97.154892 0.101457 -0.057055 0.993202 0.901001 0.000000 0.000000 0.000000 1.000000
0.993372 0.061621 -0.097028 -0.139931 -0.055612 0.996433 0.063466 97.153351 0.100593 -0.057649 0.993256 0.910030 0.000000 0.000000 0.000000 1.000000
0.993501 0.061097 -0.096035 -0.149094 -0.055102 0.996435 0.063879 97.152679 0.099596 -0.058172 0.993326 0.916135 0.000000 0.000000 0.000000 1.000000
0.993642 0.060550 -0.094919 -0.157620 -0.054587 0.996442 0.064213 97.150482 0.098469 -0.058623 0.993412 0.918104 0.000000 0.000000 0.000000 1.000000
0.993794 0.060058 -0.093630 -0.167228 -0.054145 0.996450 0.064472 97.144867 0.097170 -0.059002 0.993517 0.916795 0.000000 0.000000 0.000000 1.000000
0.993952 0.059625 -0.092219 -0.178536 -0.053773 0.996455 0.064691 97.136467 0.095749 -0.059341 0.993635 0.913810 0.000000 0.000000 0.000000 1.000000
0.994105 0.059213 -0.090826 -0.190734 -0.053420 0.996458 0.064937 97.128304 0.094349 -0.059702 0.993747 0.909874 0.000000 0.000000 0.000000 1.000000
0.994243 0.058808 -0.089565 -0.203866 -0.053064 0.996459 0.065223 97.122093 0.093084 -0.060094 0.993843 0.905023 0.000000 0.000000 0.000000 1.000000
0.994363 0.058435 -0.088474 -0.218747 -0.052733 0.996460 0.065479 97.117210 0.091987 -0.060444 0.993924 0.899847 0.000000 0.000000 0.000000 1.000000
0.994465 0.058092 -0.087548 -0.235551 -0.052428 0.996463 0.065672 97.112160 0.091053 -0.060718 0.993993 0.895823 0.000000 0.000000 0.000000 1.000000
0.994549 0.057781 -0.086797 -0.253531 -0.052145 0.996466 0.065854 97.107994 0.090296 -0.060969 0.994047 0.893846 0.000000 0.000000 0.000000 1.000000
0.994614 0.057509 -0.086233 -0.273030 -0.051889 0.996466 0.066055 97.106064 0.089727 -0.061224 0.994083 0.893147 0.000000 0.000000 0.000000 1.000000
0.994663 0.057278 -0.085815 -0.294261 -0.051668 0.996466 0.066225 97.104691 0.089305 -0.061437 0.994108 0.892651 0.000000 0.000000 0.000000 1.000000
0.994703 0.057090 -0.085479 -0.315417 -0.051495 0.996471 0.066283 97.103104 0.088962 -0.061530 0.994133 0.892386 0.000000 0.000000 0.000000 1.000000
0.994732 0.056925 -0.085254 -0.334424 -0.051350 0.996483 0.066225 97.102051 0.088724 -0.061498 0.994156 0.893402 0.000000 0.000000 0.000000 1.000000
0.994742 0.056753 -0.085245 -0.351599 -0.051185 0.996496 0.066146 97.101562 0.088700 -0.061435 0.994162 0.896578 0.000000 0.000000 0.000000 1.000000
0.994731 0.056573 -0.085495 -0.367493 -0.050990 0.996507 0.066133 97.101822 0.088937 -0.061425 0.994141 0.902315 0.000000 0.000000 0.000000 1.000000
0.994706 0.056392 -0.085900 -0.381213 -0.050779 0.996514 0.066189 97.102905 0.089334 -0.061477 0.994103 0.910316 0.000000 0.000000 0.000000 1.000000
0.994681 0.056212 -0.086309 -0.392251 -0.050564 0.996518 0.066289 97.104553 0.089735 -0.061573 0.994061 0.919475 0.000000 0.000000 0.000000 1.000000
0.994660 0.056029 -0.086670 -0.401481 -0.050347 0.996521 0.066411 97.106079 0.090089 -0.061693 0.994021 0.928658 0.000000 0.000000 0.000000 1.000000
0.994639 0.055853 -0.087026 -0.409614 -0.050134 0.996522 0.066568 97.106888 0.090441 -0.061848 0.993979 0.937865 0.000000 0.000000 0.000000 1.000000
0.994613 0.055704 -0.087420 -0.416031 -0.049941 0.996517 0.066775 97.106819 0.090835 -0.062049 0.993931 0.947481 0.000000 0.000000 0.000000 1.000000
0.994579 0.055595 -0.087875 -0.420738 -0.049782 0.996509 0.067014 97.106331 0.091294 -0.062276 0.993875 0.957046 0.000000 0.000000 0.000000 1.000000
0.994537 0.055526 -0.088395 -0.424659 -0.049657 0.996498 0.067268 97.105743 0.091821 -0.062511 0.993811 0.966085 0.000000 0.000000 0.000000 1.000000
0.994493 0.055486 -0.088907 -0.428555 -0.049559 0.996485 0.067537 97.104591 0.092342 -0.062759 0.993748 0.974697 0.000000 0.000000 0.000000 1.000000
0.994457 0.055494 -0.089306 -0.432480 -0.049516 0.996469 0.067814 97.102966 0.092754 -0.063016 0.993693 0.983357 0.000000 0.000000 0.000000 1.000000
0.994425 0.055558 -0.089621 -0.435625 -0.049533 0.996448 0.068106 97.101608 0.093086 -0.063287 0.993645 0.991957 0.000000 0.000000 0.000000 1.000000
0.994389 0.055646 -0.089968 -0.436706 -0.049568 0.996424 0.068431 97.100861 0.093454 -0.063587 0.993591 0.999246 0.000000 0.000000 0.000000 1.000000
0.994353 0.055747 -0.090299 -0.435646 -0.049613 0.996396 0.068808 97.100967 0.093809 -0.063939 0.993535 1.005225 0.000000 0.000000 0.000000 1.000000
0.994333 0.055889 -0.090431 -0.433631 -0.049705 0.996360 0.069247 97.101891 0.093972 -0.064360 0.993492 1.011782 0.000000 0.000000 0.000000 1.000000
0.994333 0.056072 -0.090319 -0.431652 -0.049850 0.996320 0.069730 97.102272 0.093896 -0.064832 0.993469 1.019283 0.000000 0.000000 0.000000 1.000000
0.994343 0.056258 -0.090098 -0.429330 -0.050005 0.996278 0.070216 97.100739 0.093713 -0.065313 0.993455 1.025667 0.000000 0.000000 0.000000 1.000000
0.994355 0.056415 -0.089866 -0.426526 -0.050134 0.996238 0.070682 97.097946 0.093516 -0.065778 0.993443 1.029689 0.000000 0.000000 0.000000 1.000000
0.994376 0.056547 -0.089553 -0.424273 -0.050244 0.996200 0.071143 97.094681 0.093235 -0.066244 0.993438 1.032583 0.000000 0.000000 0.000000 1.000000
0.994416 0.056666 -0.089024 -0.424045 -0.050352 0.996159 0.071640 97.090538 0.092741 -0.066757 0.993450 1.036367 0.000000 0.000000 0.000000 1.000000
0.994477 0.056763 -0.088277 -0.425615 -0.050447 0.996113 0.072205 97.084785 0.092032 -0.067353 0.993476 1.041231 0.000000 0.000000 0.000000 1.000000
0.994548 0.056817 -0.087442 -0.427465 -0.050499 0.996064 0.072845 97.077744 0.091237 -0.068033 0.993503 1.045420 0.000000 0.000000 0.000000 1.000000
0.994622 0.056832 -0.086590 -0.429824 -0.050511 0.996014 0.073517 97.070114 0.090423 -0.068747 0.993528 1.047950 0.000000 0.000000 0.000000 1.000000
0.994700 0.056825 -0.085685 -0.434668 -0.050511 0.995967 0.074147 97.062302 0.089553 -0.069426 0.993559 1.049804 0.000000 0.000000 0.000000 1.000000
0.994785 0.056801 -0.084710 -0.443093 -0.050505 0.995926 0.074704 97.054192 0.088608 -0.070036 0.993601 1.052141 0.000000 0.000000 0.000000 1.000000
0.994877 0.056739 -0.083664 -0.455517 -0.050475 0.995892 0.075174 97.045967 0.087586 -0.070566 0.993654 1.055930 0.000000 0.000000 0.000000 1.000000
0.994977 0.056626 -0.082544 -0.471520 -0.050412 0.995869 0.075517 97.039619 0.086479 -0.070976 0.993722 1.062318 0.000000 0.000000 0.000000 1.000000
0.995076 0.056495 -0.081440 -0.489023 -0.050343 0.995858 0.075706 97.037613 0.085380 -0.071233 0.993799 1.071351 0.000000 0.000000 0.000000 1.000000
0.995158 0.056389 -0.080507 -0.506834 -0.050297 0.995854 0.075793 97.038452 0.084447 -0.071376 0.993868 1.082161 0.000000 0.000000 0.000000 1.000000
0.995215 0.056301 -0.079858 -0.524667 -0.050248 0.995850 0.075883 97.039368 0.083799 -0.071507 0.993914 1.094587 0.000000 0.000000 0.000000 1.000000
0.995252 0.056180 -0.079485 -0.542026 -0.050140 0.995843 0.076048 97.039490 0.083427 -0.071701 0.993931 1.108796 0.000000 0.000000 0.000000 1.000000
0.995279 0.055987 -0.079277 -0.559471 -0.049942 0.995835 0.076279 97.038864 0.083218 -0.071960 0.993930 1.124404 0.000000 0.000000 0.000000 1.000000
0.995306 0.055757 -0.079107 -0.579076 -0.049703 0.995827 0.076535 97.037735 0.083044 -0.072244 0.993924 1.141220 0.000000 0.000000 0.000000 1.000000
0.995334 0.055566 -0.078887 -0.602192 -0.049508 0.995818 0.076777 97.037094 0.082823 -0.072514 0.993923 1.159404 0.000000 0.000000 0.000000 1.000000
0.995363 0.055415 -0.078623 -0.627242 -0.049360 0.995810 0.076982 97.036507 0.082559 -0.072744 0.993928 1.178424 0.000000 0.000000 0.000000 1.000000
0.995388 0.055242 -0.078422 -0.650564 -0.049187 0.995805 0.077153 97.035889 0.082356 -0.072940 0.993930 1.197303 0.000000 0.000000 0.000000 1.000000
0.995404 0.055022 -0.078385 -0.670211 -0.048955 0.995804 0.077319 97.036522 0.082310 -0.073127 0.993920 1.216108 0.000000 0.000000 0.000000 1.000000
0.995406 0.054795 -0.078512 -0.687352 -0.048706 0.995804 0.077475 97.039490 0.082428 -0.073295 0.993898 1.235843 0.000000 0.000000 0.000000 1.000000
0.995399 0.054593 -0.078749 -0.703483 -0.048476 0.995806 0.077598 97.043747 0.082655 -0.073423 0.993870 1.255971 0.000000 0.000000 0.000000 1.000000
0.995384 0.054386 -0.079070 -0.717351 -0.048234 0.995806 0.077737 97.046692 0.082966 -0.073564 0.993833 1.273081 0.000000 0.000000 0.000000 1.000000
0.995367 0.054148 -0.079450 -0.727148 -0.047947 0.995801 0.077990 97.047081 0.083339 -0.073819 0.993783 1.284000 0.000000 0.000000 0.000000 1.000000
0.995352 0.053929 -0.079791 -0.733457 -0.047670 0.995784 0.078369 97.046982 0.083681 -0.074201 0.993726 1.289149 0.000000 0.000000 0.000000 1.000000
0.995341 0.053771 -0.080035 -0.737251 -0.047461 0.995764 0.078747 97.049728 0.083930 -0.074581 0.993677 1.290464 0.000000 0.000000 0.000000 1.000000
0.995332 0.053616 -0.080241 -0.737403 -0.047275 0.995758 0.078937 97.056053 0.084133 -0.074775 0.993645 1.288756 0.000000 0.000000 0.000000 1.000000
0.995326 0.053394 -0.080473 -0.732338 -0.047042 0.995776 0.078855 97.063271 0.084344 -0.074701 0.993633 1.283891 0.000000 0.000000 0.000000 1.000000
0.995321 0.053099 -0.080728 -0.722581 -0.046753 0.995812 0.078572 97.068085 0.084562 -0.074430 0.993634 1.274824 0.000000 0.000000 0.000000 1.000000
0.995317 0.052789 -0.080972 -0.710560 -0.046456 0.995854 0.078204 97.070160 0.084764 -0.074076 0.993644 1.260905 0.000000 0.000000 0.000000 1.000000
0.995316 0.052507 -0.081171 -0.698438 -0.046192 0.995898 0.077809 97.071503 0.084924 -0.073695 0.993658 1.243653 0.000000 0.000000 0.000000 1.000000
0.995316 0.052265 -0.081332 -0.686621 -0.045972 0.995938 0.077417 97.074104 0.085048 -0.073315 0.993676 1.225043 0.000000 0.000000 0.000000 1.000000
0.995313 0.052052 -0.081505 -0.674305 -0.045775 0.995974 0.077080 97.077454 0.085189 -0.072988 0.993688 1.205764 0.000000 0.000000 0.000000 1.000000
0.995306 0.051854 -0.081717 -0.660616 -0.045584 0.996003 0.076810 97.081192 0.085373 -0.072725 0.993691 1.186690 0.000000 0.000000 0.000000 1.000000
0.995296 0.051666 -0.081950 -0.645376 -0.045402 0.996031 0.076552 97.085884 0.085580 -0.072471 0.993692 1.169202 0.000000 0.000000 0.000000 1.000000
0.995284 0.051517 -0.082197 -0.629349 -0.045260 0.996061 0.076246 97.091911 0.085801 -0.072166 0.993695 1.153352 0.000000 0.000000 0.000000 1.000000
0.995264 0.051440 -0.082481 -0.613872 -0.045193 0.996092 0.075889 97.097656 0.086062 -0.071802 0.993699 1.137451 0.000000 0.000000 0.000000 1.000000
0.995238 0.051409 -0.082814 -0.599692 -0.045174 0.996123 0.075483 97.101799 0.086374 -0.071383 0.993702 1.120877 0.000000 0.000000 0.000000 1.000000
0.995211 0.051349 -0.083181 -0.585918 -0.045130 0.996163 0.074990 97.105988 0.086712 -0.070877 0.993709 1.105586 0.000000 0.000000 0.000000 1.000000
0.995184 0.051262 -0.083552 -0.570692 -0.045069 0.996210 0.074390 97.112617 0.087049 -0.070266 0.993723 1.093011 0.000000 0.000000 0.000000 1.000000
0.995155 0.051229 -0.083914 -0.553750 -0.045068 0.996259 0.073736 97.120300 0.087378 -0.069597 0.993741 1.081900 0.000000 0.000000 0.000000 1.000000
0.995124 0.051274 -0.084254 -0.536356 -0.045145 0.996301 0.073113 97.127686 0.087691 -0.068953 0.993758 1.072063 0.000000 0.000000 0.000000 1.000000
0.995093 0.051314 -0.084593 -0.518742 -0.045207 0.996337 0.072594 97.136497 0.088008 -0.068414 0.993768 1.066787 0.000000 0.000000 0.000000 1.000000
0.995062 0.051251 -0.084996 -0.499906 -0.045148 0.996365 0.072237 97.147873 0.088389 -0.068043 0.993759 1.067913 0.000000 0.000000 0.000000 1.000000
0.995027 0.051108 -0.085493 -0.480081 -0.044984 0.996384 0.072076 97.158760 0.088868 -0.067872 0.993728 1.072279 0.000000 0.000000 0.000000 1.000000
0.994989 0.050999 -0.086006 -0.461312 -0.044837 0.996389 0.072108 97.166229 0.089372 -0.067890 0.993682 1.075736 0.000000 0.000000 0.000000 1.000000
0.994956 0.050979 -0.086393 -0.445691 -0.044775 0.996378 0.072287 97.170525 0.089765 -0.068054 0.993635 1.077732 0.000000 0.000000 0.000000 1.000000
0.994937 0.051004 -0.086594 -0.433134 -0.044764 0.996361 0.072530 97.173576 0.089978 -0.068286 0.993600 1.080620 0.000000 0.000000 0.000000 1.000000
0.994929 0.051001 -0.086687 -0.421748 -0.044733 0.996345 0.072772 97.176689 0.090082 -0.068525 0.993574 1.085665 0.000000 0.000000 0.000000 1.000000
0.994921 0.050963 -0.086799 -0.410101 -0.044666 0.996330 0.073013 97.180458 0.090201 -0.068765 0.993547 1.091992 0.000000 0.000000 0.000000 1.000000
0.994906 0.050940 -0.086986 -0.398474 -0.044608 0.996315 0.073251 97.185349 0.090397 -0.068998 0.993513 1.098340 0.000000 0.000000 0.000000 1.000000
0.994886 0.050967 -0.087200 -0.388223 -0.044603 0.996302 0.073439 97.190315 0.090620 -0.069174 0.993480 1.103434 0.000000 0.000000 0.000000 1.000000
0.994869 0.051030 -0.087361 -0.380138 -0.044647 0.996293 0.073526 97.192940 0.090789 -0.069249 0.993460 1.105919 0.000000 0.000000 0.000000 1.000000
0.994857 0.051097 -0.087454 -0.373289 -0.044709 0.996292 0.073507 97.193855 0.090885 -0.069219 0.993453 1.105792 0.000000 0.000000 0.000000 1.000000
0.994848 0.051164 -0.087516 -0.366478 -0.044780 0.996295 0.073419 97.196381 0.090948 -0.069121 0.993454 1.104573 0.000000 0.000000 0.000000 1.000000
0.994840 0.051255 -0.087557 -0.360096 -0.044878 0.996299 0.073310 97.200798 0.090990 -0.069003 0.993458 1.103330 0.000000 0.000000 0.000000 1.000000
0.994835 0.051375 -0.087544 -0.355089 -0.045009 0.996300 0.073210 97.205582 0.090981 -0.068891 0.993467 1.102378 0.000000 0.000000 0.000000 1.000000
0.994833 0.051501 -0.087494 -0.351531 -0.045148 0.996302 0.073097 97.210022 0.090935 -0.068769 0.993480 1.102413 0.000000 0.000000 0.000000 1.000000
0.994828 0.051617 -0.087486 -0.348834 -0.045280 0.996309 0.072931 97.213898 0.090928 -0.068592 0.993492 1.103732 0.000000 0.000000 0.000000 1.000000
0.994815 0.051741 -0.087553 -0.346866 -0.045419 0.996318 0.072715 97.215408 0.090993 -0.068361 0.993502 1.105330 0.000000 0.000000 0.000000 1.000000
0.994800 0.051900 -0.087630 -0.346131 -0.045592 0.996325 0.072514 97.212738 0.091072 -0.068142 0.993510 1.105828 0.000000 0.000000 0.000000 1.000000
0.994790 0.052091 -0.087634 -0.347581 -0.045796 0.996326 0.072373 97.207024 0.091082 -0.067983 0.993520 1.105155 0.000000 0.000000 0.000000 1.000000
0.994788 0.052286 -0.087542 -0.351923 -0.046006 0.996323 0.072282 97.200821 0.090999 -0.067878 0.993535 1.104455 0.000000 0.000000 0.000000 1.000000
0.994790 0.052483 -0.087397 -0.358252 -0.046217 0.996316 0.072234 97.196152 0.090866 -0.067818 0.993551 1.105166 0.000000 0.000000 0.000000 1.000000
0.994791 0.052674 -0.087269 -0.364784 -0.046419 0.996308 0.072221 97.192581 0.090751 -0.067794 0.993563 1.107783 0.000000 0.000000 0.000000 1.000000
0.994787 0.052848 -0.087211 -0.371075 -0.046600 0.996302 0.072187 97.189156 0.090703 -0.067746 0.993571 1.112056 0.000000 0.000000 0.000000 1.000000
0.994777 0.052994 -0.087241 -0.378667 -0.046754 0.996302 0.072079 97.184509 0.090738 -0.067624 0.993576 1.117175 0.000000 0.000000 0.000000 1.000000
0.994761 0.053116 -0.087349 -0.388760 -0.046887 0.996311 0.071877 97.177238 0.090845 -0.067405 0.993581 1.121475 0.000000 0.000000 0.000000 1.000000
0.994739 0.053254 -0.087516 -0.400581 -0.047042 0.996326 0.071570 97.169594 0.091006 -0.067077 0.993589 1.124227 0.000000 0.000000 0.000000 1.000000
0.994709 0.053453 -0.087735 -0.411975 -0.047262 0.996343 0.071187 97.166100 0.091219 -0.066664 0.993597 1.127118 0.000000 0.000000 0.000000 1.000000
0.994669 0.053702 -0.088037 -0.422105 -0.047528 0.996359 0.070786 97.168121 0.091518 -0.066224 0.993599 1.132455 0.000000 0.000000 0.000000 1.000000
0.994621 0.053931 -0.088438 -0.431866 -0.047768 0.996376 0.070383 97.171265 0.091913 -0.065779 0.993592 1.140435 0.000000 0.000000 0.000000 1.000000
0.994572 0.054074 -0.088902 -0.441261 -0.047918 0.996397 0.069971 97.170532 0.092365 -0.065331 0.993580 1.149154 0.000000 0.000000 0.000000 1.000000
0.994526 0.054149 -0.089363 -0.449569 -0.047999 0.996420 0.069597 97.166313 0.092811 -0.064926 0.993565 1.157571 0.000000 0.000000 0.000000 1.000000
0.994488 0.054204 -0.089758 -0.457363 -0.048054 0.996437 0.069314 97.162041 0.093195 -0.064619 0.993549 1.166450 0.000000 0.000000 0.000000 1.000000
0.994457 0.054249 -0.090069 -0.465159 -0.048101 0.996450 0.069088 97.159416 0.093497 -0.064372 0.993536 1.176561 0.000000 0.000000 0.000000 1.000000
0.994431 0.054262 -0.090348 -0.472450 -0.048120 0.996468 0.068822 97.158592 0.093763 -0.064092 0.993529 1.187848 0.000000 0.000000 0.000000 1.000000
0.994403 0.054216 -0.090680 -0.478779 -0.048085 0.996493 0.068482 97.158730 0.094075 -0.063738 0.993523 1.200161 0.000000 0.000000 0.000000 1.000000
0.994370 0.054121 -0.091101 -0.484118 -0.047999 0.996523 0.068106 97.159264 0.094470 -0.063350 0.993510 1.213169 0.000000 0.000000 0.000000 1.000000
0.994334 0.054008 -0.091555 -0.488760 -0.047892 0.996553 0.067732 97.159523 0.094897 -0.062964 0.993494 1.225597 0.000000 0.000000 0.000000 1.000000
0.994304 0.053915 -0.091941 -0.493197 -0.047811 0.996583 0.067352 97.159821 0.095258 -0.062573 0.993484 1.236084 0.000000 0.000000 0.000000 1.000000
0.994282 0.053861 -0.092208 -0.498138 -0.047779 0.996613 0.066937 97.160324 0.095501 -0.062148 0.993487 1.244724 0.000000 0.000000 0.000000 1.000000
0.994267 0.053812 -0.092399 -0.503659 -0.047763 0.996644 0.066481 97.159409 0.095667 -0.061686 0.993500 1.253093 0.000000 0.000000 0.000000 1.000000
0.994252 0.053731 -0.092605 -0.508247 -0.047710 0.996675 0.066053 97.157776 0.095846 -0.061255 0.993510 1.262988 0.000000 0.000000 0.000000 1.000000
0.994234 0.053621 -0.092867 -0.510267 -0.047614 0.996700 0.065736 97.158310 0.096085 -0.060935 0.993506 1.274854 0.000000 0.000000 0.000000 1.000000
0.994211 0.053535 -0.093162 -0.509956 -0.047529 0.996718 0.065537 97.161774 0.096365 -0.060730 0.993492 1.287236 0.000000 0.000000 0.000000 1.000000
0.994185 0.053496 -0.093459 -0.508976 -0.047482 0.996727 0.065432 97.164688 0.096653 -0.060614 0.993471 1.298427 0.000000 0.000000 0.000000 1.000000
0.994161 0.053469 -0.093729 -0.508181 -0.047438 0.996728 0.065437 97.164742 0.096921 -0.060608 0.993445 1.308680 0.000000 0.000000 0.000000 1.000000
0.994145 0.053421 -0.093925 -0.507680 -0.047363 0.996722 0.065585 97.162270 0.097121 -0.060753 0.993417 1.318711 0.000000 0.000000 0.000000 1.000000
0.994138 0.053373 -0.094022 -0.507808 -0.047284 0.996709 0.065846 97.158432 0.097227 -0.061015 0.993390 1.327924 0.000000 0.000000 0.000000 1.000000
0.994133 0.053378 -0.094071 -0.508477 -0.047255 0.996689 0.066165 97.155273 0.097292 -0.061331 0.993364 1.336214 0.000000 0.000000 0.000000 1.000000
0.994123 0.053479 -0.094125 -0.509391 -0.047318 0.996663 0.066514 97.155228 0.097368 -0.061670 0.993336 1.344720 0.000000 0.000000 0.000000 1.000000
0.994109 0.053671 -0.094167 -0.511167 -0.047473 0.996632 0.066866 97.156807 0.097439 -0.062002 0.993308 1.353348 0.000000 0.000000 0.000000 1.000000
0.994098 0.053919 -0.094136 -0.514512 -0.047691 0.996598 0.067209 97.155823 0.097440 -0.062323 0.993288 1.360372 0.000000 0.000000 0.000000 1.000000
0.994092 0.054192 -0.094044 -0.518120 -0.047932 0.996560 0.067601 97.150673 0.097384 -0.062694 0.993270 1.363581 0.000000 0.000000 0.000000 1.000000
0.994082 0.054459 -0.093998 -0.519181 -0.048156 0.996518 0.068071 97.143135 0.097377 -0.063142 0.993243 1.361170 0.000000 0.000000 0.000000 1.000000
0.994070 0.054693 -0.093991 -0.516983 -0.048347 0.996478 0.068520 97.134651 0.097407 -0.063569 0.993212 1.353337 0.000000 0.000000 0.000000 1.000000
0.994075 0.054890 -0.093820 -0.515543 -0.048522 0.996446 0.068858 97.124161 0.097266 -0.063897 0.993205 1.343761 0.000000 0.000000 0.000000 1.000000
0.994103 0.055091 -0.093402 -0.517772 -0.048723 0.996416 0.069151 97.113121 0.096877 -0.064192 0.993224 1.337378 0.000000 0.000000 0.000000 1.000000
0.994134 0.055299 -0.092952 -0.521074 -0.048923 0.996380 0.069522 97.104675 0.096460 -0.064567 0.993240 1.336113 0.000000 0.000000 0.000000 1.000000
0.994151 0.055474 -0.092667 -0.522123 -0.049068 0.996337 0.070036 97.099083 0.096213 -0.065080 0.993231 1.339088 0.000000 0.000000 0.000000 1.000000
0.994157 0.055610 -0.092518 -0.520983 -0.049147 0.996284 0.070729 97.093102 0.096107 -0.065769 0.993196 1.344290 0.000000 0.000000 0.000000 1.000000
0.994165 0.055737 -0.092353 -0.519915 -0.049202 0.996220 0.071593 97.084084 0.095994 -0.066631 0.993149 1.349754 0.000000 0.000000 0.000000 1.000000
0.994184 0.055871 -0.092063 -0.520986 -0.049264 0.996147 0.072549 97.071899 0.095762 -0.067592 0.993107 1.354110 0.000000 0.000000 0.000000 1.000000
0.994216 0.056013 -0.091631 -0.525438 -0.049341 0.996072 0.073528 97.057358 0.095390 -0.068582 0.993075 1.356255 0.000000 0.000000 0.000000 1.000000
0.994256 0.056191 -0.091094 -0.533564 -0.049464 0.995994 0.074496 97.042648 0.094915 -0.069562 0.993052 1.356198 0.000000 0.000000 0.000000 1.000000
0.994298 0.056401 -0.090502 -0.544969 -0.049634 0.995921 0.075357 97.031509 0.094383 -0.070435 0.993041 1.356121 0.000000 0.000000 0.000000 1.000000
0.994346 0.056558 -0.089872 -0.558802 -0.049778 0.995867 0.075966 97.025993 0.093797 -0.071063 0.993052 1.358125 0.000000 0.000000 0.000000 1.000000
0.994403 0.056593 -0.089224 -0.573637 -0.049828 0.995839 0.076305 97.024506 0.093171 -0.071432 0.993084 1.360468 0.000000 0.000000 0.000000 1.000000
0.994458 0.056520 -0.088646 -0.587434 -0.049781 0.995829 0.076467 97.024193 0.092598 -0.071631 0.993124 1.358574 0.000000 0.000000 0.000000 1.000000
0.994504 0.056409 -0.088202 -0.599022 -0.049699 0.995829 0.076509 97.023239 0.092150 -0.071705 0.993160 1.350400 0.000000 0.000000 0.000000 1.000000
0.994544 0.056336 -0.087793 -0.610077 -0.049661 0.995836 0.076446 97.021042 0.091734 -0.071669 0.993201 1.339015 0.000000 0.000000 0.000000 1.000000
0.994586 0.056301 -0.087349 -0.622190 -0.049670 0.995846 0.076314 97.018051 0.091282 -0.071563 0.993250 1.328384 0.000000 0.000000 0.000000 1.000000
0.994618 0.056218 -0.087026 -0.632642 -0.049624 0.995859 0.076169 97.016418 0.090948 -0.071441 0.993290 1.318753 0.000000 0.000000 0.000000 1.000000
0.994635 0.056038 -0.086959 -0.638617 -0.049460 0.995877 0.076041 97.018097 0.090862 -0.071332 0.993305 1.308879 0.000000 0.000000 0.000000 1.000000
0.994639 0.055806 -0.087055 -0.640957 -0.049232 0.995898 0.075919 97.021957 0.090935 -0.071226 0.993306 1.297891 0.000000 0.000000 0.000000 1.000000
0.994643 0.055586 -0.087151 -0.642033 -0.049019 0.995921 0.075758 97.025055 0.091007 -0.071080 0.993310 1.284935 0.000000 0.000000 0.000000 1.000000
0.994648 0.055408 -0.087207 -0.642685 -0.048857 0.995945 0.075542 97.025932 0.091039 -0.070877 0.993322 1.270250 0.000000 0.000000 0.000000 1.000000
0.994647 0.055284 -0.087293 -0.642003 -0.048747 0.995967 0.075320 97.025757 0.091105 -0.070662 0.993331 1.255428 0.000000 0.000000 0.000000 1.000000
0.994638 0.055198 -0.087451 -0.639473 -0.048664 0.995983 0.075168 97.026207 0.091249 -0.070509 0.993329 1.241299 0.000000 0.000000 0.000000 1.000000
0.994626 0.055117 -0.087642 -0.635825 -0.048578 0.995994 0.075077 97.027840 0.091429 -0.070416 0.993319 1.227404 0.000000 0.000000 0.000000 1.000000
0.994616 0.055041 -0.087808 -0.631852 -0.048499 0.996006 0.074965 97.030342 0.091583 -0.070302 0.993313 1.213431 0.000000 0.000000 0.000000 1.000000
0.994606 0.054989 -0.087952 -0.627187 -0.048453 0.996021 0.074798 97.032272 0.091715 -0.070133 0.993313 1.199043 0.000000 0.000000 0.000000 1.000000
0.994592 0.054987 -0.088111 -0.619973 -0.048453 0.996032 0.074654 97.032158 0.091866 -0.069981 0.993309 1.182367 0.000000 0.000000 0.000000 1.000000
0.994577 0.055048 -0.088237 -0.609173 -0.048510 0.996033 0.074601 97.029922 0.091993 -0.069916 0.993302 1.160944 0.000000 0.000000 0.000000 1.000000
0.994573 0.055169 -0.088204 -0.596415 -0.048638 0.996030 0.074557 97.027290 0.091967 -0.069862 0.993308 1.134326 0.000000 0.000000 0.000000 1.000000
0.994585 0.055329 -0.087971 -0.584402 -0.048829 0.996033 0.074393 97.026016 0.091738 -0.069695 0.993341 1.103481 0.000000 0.000000 0.000000 1.000000
0.994601 0.055533 -0.087668 -0.572778 -0.049080 0.996041 0.074117 97.025711 0.091437 -0.069415 0.993389 1.069173 0.000000 0.000000 0.000000 1.000000
0.994600 0.055808 -0.087502 -0.558165 -0.049393 0.996046 0.073839 97.026550 0.091277 -0.069118 0.993424 1.032783 0.000000 0.000000 0.000000 1.000000
0.994573 0.056104 -0.087614 -0.537073 -0.049703 0.996048 0.073608 97.030251 0.091398 -0.068854 0.993431 0.996096 0.000000 0.000000 0.000000 1.000000
0.994526 0.056317 -0.088018 -0.509501 -0.049908 0.996054 0.073388 97.036781 0.091804 -0.068593 0.993412 0.959376 0.000000 0.000000 0.000000 1.000000
0.994470 0.056420 -0.088576 -0.479612 -0.049994 0.996066 0.073161 97.043610 0.092356 -0.068328 0.993379 0.922297 0.000000 0.000000 0.000000 1.000000
0.994421 0.056499 -0.089074 -0.451904 -0.050056 0.996076 0.072987 97.047951 0.092848 -0.068121 0.993347 0.885957 0.000000 0.000000 0.000000 1.000000
0.994384 0.056645 -0.089399 -0.427360 -0.050189 0.996077 0.072876 97.049416 0.093176 -0.067980 0.993326 0.851440 0.000000 0.000000 0.000000 1.000000
0.994354 0.056847 -0.089602 -0.404386 -0.050391 0.996077 0.072736 97.048988 0.093385 -0.067810 0.993318 0.817867 0.000000 0.000000 0.000000 1.000000
0.994328 0.057056 -0.089760 -0.382458 -0.050615 0.996086 0.072468 97.048317 0.093543 -0.067513 0.993323 0.784625 0.000000 0.000000 0.000000 1.000000
0.994303 0.057243 -0.089914 -0.361677 -0.050830 0.996104 0.072065 97.049324 0.093689 -0.067084 0.993339 0.752685 0.000000 0.000000 0.000000 1.000000
0.994276 0.057411 -0.090108 -0.341448 -0.051028 0.996127 0.071606 97.053345 0.093870 -0.066598 0.993354 0.723044 0.000000 0.000000 0.000000 1.000000
0.994242 0.057557 -0.090387 -0.321144 -0.051195 0.996148 0.071194 97.059021 0.094137 -0.066157 0.993359 0.695093 0.000000 0.000000 0.000000 1.000000
0.994201 0.057689 -0.090758 -0.300445 -0.051332 0.996163 0.070884 97.064278 0.094499 -0.065815 0.993347 0.666961 0.000000 0.000000 0.000000 1.000000
0.994153 0.057829 -0.091185 -0.279383 -0.051469 0.996174 0.070625 97.068848 0.094920 -0.065519 0.993326 0.637270 0.000000 0.000000 0.000000 1.000000
0.994102 0.058009 -0.091629 -0.258088 -0.051652 0.996189 0.070288 97.073982 0.095357 -0.065141 0.993310 0.606705 0.000000 0.000000 0.000000 1.000000
0.994049 0.058203 -0.092078 -0.236325 -0.051866 0.996213 0.069786 97.079781 0.095791 -0.064595 0.993303 0.577174 0.000000 0.000000 0.000000 1.000000
0.993997 0.058344 -0.092548 -0.213233 -0.052038 0.996248 0.069151 97.086884 0.096235 -0.063920 0.993304 0.549860 0.000000 0.000000 0.000000 1.000000
0.993949 0.058403 -0.093032 -0.188196 -0.052131 0.996290 0.068474 97.096733 0.096686 -0.063210 0.993306 0.525060 0.000000 0.000000 0.000000 1.000000
0.993904 0.058432 -0.093488 -0.161384 -0.052194 0.996330 0.067840 97.109436 0.097109 -0.062547 0.993307 0.502953 0.000000 0.000000 0.000000 1.000000
0.993864 0.058482 -0.093879 -0.133956 -0.052271 0.996362 0.067311 97.122353 0.097474 -0.061991 0.993306 0.482746 0.000000 0.000000 0.000000 1.000000
0.993829 0.058561 -0.094206 -0.106701 -0.052367 0.996382 0.066940 97.132591 0.097785 -0.061593 0.993300 0.462604 0.000000 0.000000 0.000000 1.000000
0.993798 0.058650 -0.094478 -0.079714 -0.052459 0.996391 0.066732 97.138840 0.098051 -0.061362 0.993288 0.441443 0.000000 0.000000 0.000000 1.000000
0.993773 0.058749 -0.094681 -0.053019 -0.052553 0.996391 0.066655 97.141937 0.098255 -0.061265 0.993274 0.420041 0.000000 0.000000 0.000000 1.000000
0.993755 0.058876 -0.094783 -0.027265 -0.052670 0.996382 0.066692 97.143257 0.098367 -0.061283 0.993261 0.399928 0.000000 0.000000 0.000000 1.000000
0.993747 0.059024 -0.094777 -0.003775 -0.052804 0.996365 0.066844 97.143867 0.098378 -0.061422 0.993252 0.382559 0.000000 0.000000 0.000000 1.000000
0.993748 0.059180 -0.094677 0.016839 -0.052941 0.996341 0.067100 97.144981 0.098301 -0.061668 0.993244 0.369018 0.000000 0.000000 0.000000 1.000000
0.993757 0.059354 -0.094466 0.035661 -0.053098 0.996311 0.067415 97.146439 0.098119 -0.061979 0.993243 0.358752 0.000000 0.000000 0.000000 1.000000
0.993777 0.059570 -0.094121 0.054790 -0.053304 0.996278 0.067745 97.148376 0.097806 -0.062306 0.993253 0.349747 0.000000 0.000000 0.000000 1.000000
0.993802 0.059799 -0.093706 0.074903 -0.053527 0.996243 0.068075 97.151382 0.097425 -0.062638 0.993270 0.340823 0.000000 0.000000 0.000000 1.000000
0.993822 0.059983 -0.093376 0.095170 -0.053697 0.996209 0.068436 97.154671 0.097127 -0.062999 0.993276 0.332076 0.000000 0.000000 0.000000 1.000000
0.993828 0.060096 -0.093244 0.115223 -0.053778 0.996176 0.068851 97.155945 0.097026 -0.063412 0.993260 0.323143 0.000000 0.000000 0.000000 1.000000
0.993824 0.060146 -0.093255 0.135605 -0.053781 0.996143 0.069331 97.153664 0.097065 -0.063888 0.993225 0.313294 0.000000 0.000000 0.000000 1.000000
0.993827 0.060140 -0.093231 0.156263 -0.053724 0.996109 0.069867 97.148964 0.097070 -0.064427 0.993190 0.302489 0.000000 0.000000 0.000000 1.000000
0.993847 0.060115 -0.093025 0.176042 -0.053661 0.996075 0.070389 97.143478 0.096891 -0.064964 0.993173 0.291311 0.000000 0.000000 0.000000 1.000000
0.993882 0.060143 -0.092631 0.193233 -0.053672 0.996043 0.070838 97.138275 0.096525 -0.065433 0.993177 0.280354 0.000000 0.000000 0.000000 1.000000
0.993917 0.060268 -0.092179 0.207526 -0.053792 0.996011 0.071199 97.134911 0.096102 -0.065807 0.993194 0.269945 0.000000 0.000000 0.000000 1.000000
0.993944 0.060430 -0.091776 0.219774 -0.053960 0.995986 0.071413 97.133980 0.095723 -0.066029 0.993216 0.260337 0.000000 0.000000 0.000000 1.000000
0.993969 0.060548 -0.091430 0.230376 -0.054103 0.995980 0.071393 97.134193 0.095385 -0.066016 0.993249 0.251657 0.000000 0.000000 0.000000 1.000000
0.993994 0.060631 -0.091107 0.238691 -0.054234 0.995992 0.071122 97.134422 0.095054 -0.065753 0.993298 0.243067 0.000000 0.000000 0.000000 1.000000
0.994015 0.060746 -0.090796 0.244335 -0.054415 0.996016 0.070646 97.134750 0.094726 -0.065283 0.993361 0.233477 0.000000 0.000000 0.000000 1.000000
0.994030 0.060913 -0.090525 0.247926 -0.054658 0.996046 0.070039 97.134842 0.094434 -0.064673 0.993428 0.223599 0.000000 0.000000 0.000000 1.000000
0.994039 0.061098 -0.090300 0.250057 -0.054921 0.996078 0.069377 97.134537 0.094185 -0.064004 0.993495 0.216100 0.000000 0.000000 0.000000 1.000000
0.994048 0.061269 -0.090078 0.250610 -0.055166 0.996108 0.068747 97.133362 0.093939 -0.063369 0.993559 0.212690 0.000000 0.000000 0.000000 1.000000
0.994059 0.061454 -0.089829 0.248764 -0.055417 0.996130 0.068227 97.133186 0.093674 -0.062844 0.993618 0.213020 0.000000 0.000000 0.000000 1.000000
0.994069 0.061671 -0.089579 0.243225 -0.055684 0.996140 0.067855 97.133942 0.093418 -0.062465 0.993666 0.216849 0.000000 0.000000 0.000000 1.000000
0.994074 0.061876 -0.089382 0.234267 -0.055926 0.996143 0.067610 97.133926 0.093221 -0.062211 0.993700 0.225460 0.000000 0.000000 0.000000 1.000000
0.994074 0.061999 -0.089295 0.223616 -0.056072 0.996148 0.067422 97.132317 0.093132 -0.062015 0.993721 0.239837 0.000000 0.000000 0.000000 1.000000
0.994066 0.062039 -0.089348 0.212566 -0.056128 0.996159 0.067209 97.131226 0.093174 -0.061796 0.993730 0.258954 0.000000 0.000000 0.000000 1.000000
0.994049 0.062062 -0.089523 0.200639 -0.056166 0.996175 0.066945 97.132019 0.093335 -0.061519 0.993732 0.280440 0.000000 0.000000 0.000000 1.000000
0.994024 0.062124 -0.089759 0.186371 -0.056239 0.996189 0.066665 97.133400 0.093558 -0.061219 0.993730 0.303086 0.000000 0.000000 0.000000 1.000000
