<?xml version="1.0" encoding="utf-8"?>
<COLLADA xmlns="http://www.collada.org/2005/11/COLLADASchema" version="1.4.1">
  <asset>
    <contributor>
      <author>Mixamo</author>
      <authoring_tool>COLLADA Mixamo exporter</authoring_tool>
      <comments/>
    </contributor>
    <created>2026-03-17T11:45:46Z</created>
    <modified>2026-03-17T11:45:46Z</modified>
    <revision/>
    <title/>
    <unit meter="0.010000"/>
    <up_axis>Y_UP</up_axis>
  </asset>
  <library_animations>
    <animation id="mixamorig_Hips-anim" name="mixamorig_Hips">
      <source id="mixamorig_Hips-Matrix-animation-input">
        <float_array id="mixamorig_Hips-Matrix-animation-input-array" count="32">

0.000000 0.033333 0.066667 0.100000 0.133333 0.166667 0.200000 0.233333 0.266667 0.300000 0.333333 0.366667 0.400000 0.433333 0.466667 0.500000
0.533333 0.566667 0.600000 0.633333 0.666667 0.700000 0.733333 0.766667 0.800000 0.833333 0.866667 0.900000 0.933333 0.966667 1.000000 1.033333</float_array>
        <technique_common>
          <accessor source="#mixamorig_Hips-Matrix-animation-input-array" count="32">
            <param name="TIME" type="float"/>
          </accessor>
        </technique_common>
      </source>
      <source id="mixamorig_Hips-Matrix-animation-output-transform">
        <float_array id="mixamorig_Hips-Matrix-animation-output-transform-array" count="512">

0.997716 0.047034 0.048489 -0.056361 -0.046218 0.998773 -0.017813 94.802849 -0.049267 0.015531 0.998665 0.501553 0.000000 0.000000 0.000000 1.000000
0.998735 0.044240 0.023907 -0.195533 -0.043820 0.998881 -0.017804 95.564827 -0.024667 0.016733 0.999556 0.377764 0.000000 0.000000 0.000000 1.000000
0.999033 0.043831 0.003420 -0.304271 -0.043773 0.998920 -0.015579 95.808273 -0.004099 0.015414 0.999873 0.113479 0.000000 0.000000 0.000000 1.000000
0.999032 0.042600 -0.010972 -0.348445 -0.042731 0.999015 -0.011995 95.603905 0.010450 0.012452 0.999868 -0.014345 0.000000 0.000000 0.000000 1.000000
0.999018 0.038744 -0.021505 -0.380784 -0.038968 0.999189 -0.010100 95.053230 0.021096 0.010928 0.999718 -0.364928 0.000000 0.000000 0.000000 1.000000
0.998884 0.034050 -0.032741 -0.344541 -0.034438 0.999342 -0.011359 94.268570 0.032333 0.012474 0.999399 -0.799142 0.000000 0.000000 0.000000 1.000000
0.998401 0.032044 -0.046567 -0.203545 -0.032700 0.999375 -0.013395 93.303513 0.046109 0.014896 0.998825 -1.048089 0.000000 0.000000 0.000000 1.000000
0.997678 0.031633 -0.060312 0.054651 -0.032480 0.999386 -0.013112 92.077690 0.059860 0.015040 0.998093 -0.830781 0.000000 0.000000 0.000000 1.000000
0.997091 0.028746 -0.070596 0.527559 -0.029677 0.999485 -0.012168 90.669868 0.070210 0.014228 0.997431 -0.057136 0.000000 0.000000 0.000000 1.000000
0.996886 0.021398 -0.075901 1.003912 -0.022659 0.999619 -0.015786 89.716621 0.075535 0.017457 0.996990 0.862508 0.000000 0.000000 0.000000 1.000000
0.997135 0.009165 -0.075085 1.506899 -0.010984 0.999655 -0.023856 89.159195 0.074841 0.024612 0.996892 1.404990 0.000000 0.000000 0.000000 1.000000
0.997662 -0.002943 -0.068276 1.956710 0.000972 0.999582 -0.028882 89.007172 0.068333 0.028748 0.997248 1.413855 0.000000 0.000000 0.000000 1.000000
0.998174 -0.010080 -0.059561 2.423250 0.008527 0.999618 -0.026280 89.842880 0.059804 0.025724 0.997879 1.268972 0.000000 0.000000 0.000000 1.000000
0.998643 -0.009623 -0.051175 2.819308 0.008624 0.999769 -0.019712 91.457077 0.051353 0.019244 0.998495 1.140802 0.000000 0.000000 0.000000 1.000000
0.999275 -0.002888 -0.037950 3.074842 0.002322 0.999885 -0.014957 93.176987 0.037989 0.014858 0.999168 0.966287 0.000000 0.000000 0.000000 1.000000
0.999894 0.006153 -0.013196 3.290861 -0.006353 0.999865 -0.015165 94.803741 0.013101 0.015248 0.999798 0.967123 0.000000 0.000000 0.000000 1.000000
0.999731 0.010327 0.020782 3.440172 -0.009905 0.999745 -0.020283 95.868408 -0.020986 0.020072 0.999578 0.621089 0.000000 0.000000 0.000000 1.000000
0.998552 0.006231 0.053433 3.519135 -0.004793 0.999624 -0.026998 96.246803 -0.053581 0.026703 0.998206 0.148224 0.000000 0.000000 0.000000 1.000000
0.997091 -0.002708 0.076168 3.563335 0.005115 0.999493 -0.031419 95.996559 -0.076044 0.031717 0.996600 -0.158180 0.000000 0.000000 0.000000 1.000000
0.995957 -0.010564 0.089203 3.620957 0.013514 0.999379 -0.032535 95.208557 -0.088804 0.033609 0.995482 -0.459881 0.000000 0.000000 0.000000 1.000000
0.994988 -0.014847 0.098883 3.634976 0.018109 0.999318 -0.032173 94.176361 -0.098338 0.033802 0.994579 -0.791815 0.000000 0.000000 0.000000 1.000000
0.993622 -0.017325 0.111422 3.594142 0.021065 0.999251 -0.032476 92.806808 -0.110775 0.034616 0.993242 -0.998322 0.000000 0.000000 0.000000 1.000000
0.991660 -0.019297 0.127427 3.432093 0.023856 0.999125 -0.034345 91.381584 -0.126653 0.037099 0.991253 -1.078774 0.000000 0.000000 0.000000 1.000000
0.989683 -0.017899 0.142152 3.025611 0.023549 0.998994 -0.038160 90.124283 -0.141326 0.041113 0.989109 -0.606518 0.000000 0.000000 0.000000 1.000000
0.988919 -0.008373 0.148223 2.516197 0.015165 0.998883 -0.044753 89.446762 -0.147682 0.046504 0.987941 0.111280 0.000000 0.000000 0.000000 1.000000
0.989504 0.013554 0.143867 1.972173 -0.005942 0.998566 -0.053207 88.927620 -0.144381 0.051794 0.988166 0.214044 0.000000 0.000000 0.000000 1.000000
0.990395 0.036282 0.133422 1.477839 -0.028679 0.997877 -0.058475 89.216797 -0.135260 0.054087 0.989333 0.217830 0.000000 0.000000 0.000000 1.000000
0.990595 0.055463 0.125080 0.884544 -0.048871 0.997280 -0.055168 89.859604 -0.127799 0.048537 0.990612 -0.006165 0.000000 0.000000 0.000000 1.000000
0.991034 0.063486 0.117564 0.516133 -0.058683 0.997312 -0.043872 91.093781 -0.120033 0.036580 0.992096 -0.102427 0.000000 0.000000 0.000000 1.000000
0.992755 0.060513 0.103801 0.268538 -0.057600 0.997863 -0.030839 92.546143 -0.105446 0.024636 0.994120 0.184504 0.000000 0.000000 0.000000 1.000000
0.995365 0.053124 0.080163 0.085540 -0.051542 0.998435 -0.021680 93.830124 -0.081190 0.017448 0.996546 0.497894 0.000000 0.000000 0.000000 1.000000
0.997716 0.047034 0.048489 -0.056361 -0.046218 0.998773 -0.017813 94.802856 -0.049267 0.015531 0.998665 0.501553 0.000000 0.000000 0.000000 1.000000</float_array>
        <technique_common>
          <accessor source="#mixamorig_Hips-Matrix-animation-output-transform-array" count="32" stride="16">
            <param type="float4x4"/>
          </accessor>
        </technique_common>
      </source>
      <source id="mixamorig_Hips-Interpolations">
        <Name_array id="mixamorig_Hips-Interpolations-array" count="32">
 LINEAR LINEAR LINEAR LINEAR LINEAR LINEAR LINEAR LINEAR LINEAR LINEAR LINEAR
LINEAR LINEAR LINEAR LINEAR LINEAR LINEAR LINEAR LINEAR LINEAR LINEAR LINEAR LINEAR
LINEAR LINEAR LINEAR LINEAR LINEAR LINEAR LINEAR LINEAR LINEAR</Name_array>
        <technique_common>
          <accessor source="#mixamorig_Hips-Interpolations-array" count="32">
            <param type="name"/>
          </accessor>
        </technique_common>
      </source>
      <sampler id="mixamorig_Hips-Matrix-animation-transform">
        <input semantic="INPUT" source="#mixamorig_Hips-Matrix-animation-input"/>
        <input semantic="OUTPUT" source="#mixamorig_Hips-Matrix-animation-output-transform"/>
        <input semantic="INTERPOLATION" source="#mixamorig_Hips-Interpolations"/>
      </sampler>
      <channel source="#mixamorig_Hips-Matrix-animation-transform" target="mixamorig_Hips/matrix"/>
    </animation>
    <animation id="mixamorig_Spine-anim" name="mixamorig_Spine">
      <source id="mixamorig_Spine-Matrix-animation-input">
        <float_array id="mixamorig_Spine-Matrix-animation-input-array" count="32">

0.000000 0.033333 0.066667 0.100000 0.133333 0.166667 0.200000 0.233333 0.266667 0.300000 0.333333 0.366667 0.400000 0.433333 0.466667 0.500000
0.533333 0.566667 0.600000 0.633333 0.666667 0.700000 0.733333 0.766667 0.800000 0.833333 0.866667 0.900000 0.933333 0.966667 1.000000 1.033333</float_array>
        <technique_common>
          <accessor source="#mixamorig_Spine-Matrix-animation-input-array" count="32">
            <param name="TIME" type="float"/>
          </accessor>
        </technique_common>
      </source>
      <source id="mixamorig_Spine-Matrix-animation-output-transform">
        <float_array id="mixamorig_Spine-Matrix-animation-output-transform-array" count="512">

0.999679 -0.025225 0.002294 0.012400 0.024908 0.995462 0.091845 10.445200 -0.004600 -0.091758 0.995771 -0.996300 0.000000 0.000000 0.000000 1.000000
0.999751 -0.020035 0.009787 0.012400 0.019055 0.995612 0.091612 10.445200 -0.011580 -0.091403 0.995747 -0.996300 0.000000 0.000000 0.000000 1.000000
0.999764 -0.014632 0.016084 0.012400 0.013132 0.995881 0.089715 10.445200 -0.017331 -0.089482 0.995838 -0.996300 0.000000 0.000000 0.000000 1.000000
0.999737 -0.009888 0.020697 0.012400 0.008014 0.996024 0.088726 10.445200 -0.021492 -0.088536 0.995841 -0.996300 0.000000 0.000000 0.000000 1.000000
0.999689 -0.004888 0.024435 0.012400 0.002736 0.996176 0.087325 10.445200 -0.024769 -0.087231 0.995880 -0.996300 0.000000 0.000000 0.000000 1.000000
0.999600 -0.000173 0.028267 0.012400 -0.002287 0.996208 0.086978 10.445200 -0.028175 -0.087008 0.995809 -0.996300 0.000000 0.000000 0.000000 1.000000
0.999459 0.002644 0.032785 0.012400 -0.005493 0.996182 0.087123 10.445200 -0.032429 -0.087256 0.995658 -0.996300 0.000000 0.000000 0.000000 1.000000
0.999291 0.004267 0.037398 0.012400 -0.007528 0.996135 0.087511 10.445200 -0.036880 -0.087731 0.995461 -0.996300 0.000000 0.000000 0.000000 1.000000
0.999135 0.006370 0.041092 0.012400 -0.009992 0.996021 0.088555 10.445200 -0.040364 -0.088889 0.995223 -0.996300 0.000000 0.000000 0.000000 1.000000
0.999028 0.008872 0.043174 0.012400 -0.012831 0.995648 0.092308 10.445200 -0.042167 -0.092772 0.994794 -0.996300 0.000000 0.000000 0.000000 1.000000
0.998963 0.014027 0.043323 0.012400 -0.018198 0.995077 0.097421 10.445200 -0.041743 -0.098108 0.994300 -0.996300 0.000000 0.000000 0.000000 1.000000
0.998967 0.019687 0.040960 0.012400 -0.023678 0.994772 0.099336 10.445200 -0.038790 -0.100204 0.994211 -0.996300 0.000000 0.000000 0.000000 1.000000
0.999060 0.023378 0.036514 0.012400 -0.026849 0.994857 0.097668 10.445200 -0.034043 -0.098556 0.994549 -0.996300 0.000000 0.000000 0.000000 1.000000
0.999210 0.025279 0.030650 0.012400 -0.028095 0.995059 0.095222 10.445200 -0.028091 -0.096008 0.994984 -0.996300 0.000000 0.000000 0.000000 1.000000
0.999431 0.024635 0.023034 0.012400 -0.026686 0.995268 0.093433 10.445200 -0.020623 -0.093994 0.995359 -0.996300 0.000000 0.000000 0.000000 1.000000
0.999681 0.021501 0.013286 0.012400 -0.022646 0.995400 0.093096 10.445200 -0.011224 -0.093367 0.995568 -0.996300 0.000000 0.000000 0.000000 1.000000
0.999827 0.018409 0.002709 0.012400 -0.018581 0.995538 0.092512 10.445200 -0.000994 -0.092546 0.995708 -0.996300 0.000000 0.000000 0.000000 1.000000
0.999849 0.016237 -0.006230 0.012400 -0.015596 0.995646 0.091899 10.445200 0.007695 -0.091788 0.995749 -0.996300 0.000000 0.000000 0.000000 1.000000
0.999826 0.014216 -0.012049 0.012400 -0.013058 0.995738 0.091303 10.445200 0.013296 -0.091130 0.995750 -0.996300 0.000000 0.000000 0.000000 1.000000
0.999826 0.010156 -0.015629 0.012400 -0.008715 0.995935 0.089656 10.445200 0.016476 -0.089505 0.995850 -0.996300 0.000000 0.000000 0.000000 1.000000
0.999814 0.005529 -0.018473 0.012400 -0.003883 0.996114 0.087985 10.445200 0.018888 -0.087896 0.995951 -0.996300 0.000000 0.000000 0.000000 1.000000
0.999753 0.001268 -0.022197 0.012400 0.000669 0.996205 0.087038 10.445200 0.022223 -0.087031 0.995958 -0.996300 0.000000 0.000000 0.000000 1.000000
0.999643 -0.000955 -0.026704 0.012400 0.003272 0.996216 0.086855 10.445200 0.026520 -0.086911 0.995863 -0.996300 0.000000 0.000000 0.000000 1.000000
0.999530 -0.001084 -0.030623 0.012400 0.003805 0.996030 0.088933 10.445200 0.030405 -0.089008 0.995567 -0.996300 0.000000 0.000000 0.000000 1.000000
0.999482 -0.002570 -0.032068 0.012400 0.005563 0.995594 0.093603 10.445200 0.031686 -0.093733 0.995093 -0.996300 0.000000 0.000000 0.000000 1.000000
0.999434 -0.010192 -0.032055 0.012400 0.013299 0.995072 0.098255 10.445200 0.030895 -0.098625 0.994645 -0.996300 0.000000 0.000000 0.000000 1.000000
0.999390 -0.018237 -0.029774 0.012400 0.021146 0.994711 0.100510 10.445200 0.027784 -0.101079 0.994490 -0.996300 0.000000 0.000000 0.000000 1.000000
0.999283 -0.026470 -0.027068 0.012400 0.029035 0.994643 0.099210 10.445200 0.024297 -0.099925 0.994698 -0.996300 0.000000 0.000000 0.000000 1.000000
0.999231 -0.031757 -0.022988 0.012400 0.033827 0.994796 0.096104 10.445200 0.019816 -0.096808 0.995106 -0.996300 0.000000 0.000000 0.000000 1.000000
0.999366 -0.031610 -0.016364 0.012400 0.033007 0.995056 0.093669 10.445200 0.013322 -0.094150 0.995469 -0.996300 0.000000 0.000000 0.000000 1.000000
0.999567 -0.028431 -0.007576 0.012400 0.029012 0.995259 0.092834 10.445200 0.004900 -0.093013 0.995653 -0.996300 0.000000 0.000000 0.000000 1.000000
0.999679 -0.025225 0.002294 0.012400 0.024908 0.995462 0.091845 10.445200 -0.004600 -0.091758 0.995771 -0.996300 0.000000 0.000000 0.000000 1.000000</float_array>
        <technique_common>
          <accessor source="#mixamorig_Spine-Matrix-animation-output-transform-array" count="32" stride="16">
            <param type="float4x4"/>
          </accessor>
        </technique_common>
      </source>
      <source id="mixamorig_Spine-Interpolations">
        <Name_array id="mixamorig_Spine-Interpolations-array" count="32">
 LINEAR LINEAR LINEAR LINEAR LINEAR LINEAR LINEAR LINEAR LINEAR LINEAR LINEAR
LINEAR LINEAR LINEAR LINEAR LINEAR LINEAR LINEAR LINEAR LINEAR LINEAR LINEAR LINEAR
LINEAR LINEAR LINEAR LINEAR LINEAR LINEAR LINEAR LINEAR LINEAR</Name_array>
        <technique_common>
          <accessor source="#mixamorig_Spine-Interpolations-array" count="32">
            <param type="name"/>
          </accessor>
        </technique_common>
      </source>
      <sampler id="mixamorig_Spine-Matrix-animation-transform">
        <input semantic="INPUT" source="#mixamorig_Spine-Matrix-animation-input"/>
        <input semantic="OUTPUT" source="#mixamorig_Spine-Matrix-animation-output-transform"/>
        <input semantic="INTERPOLATION" source="#mixamorig_Spine-Interpolations"/>
      </sampler>
      <channel source="#mixamorig_Spine-Matrix-animation-transform" target="mixamorig_Spine/matrix"/>
    </animation>
    <animation id="mixamorig_Spine1-anim" name="mixamorig_Spine1">
      <source id="mixamorig_Spine1-Matrix-animation-input">
        <float_array id="mixamorig_Spine1-Matrix-animation-input-array" count="32">

0.000000 0.033333 0.066667 0.100000 0.133333 0.166667 0.200000 0.233333 0.266667 0.300000 0.333333 0.366667 0.400000 0.433333 0.466667 0.500000
0.533333 0.566667 0.600000 0.633333 0.666667 0.700000 0.733333 0.766667 0.800000 0.833333 0.866667 0.900000 0.933333 0.966667 1.000000 1.033333</float_array>
        <technique_common>
          <accessor source="#mixamorig_Spine1-Matrix-animation-input-array" count="32">
            <param name="TIME" type="float"/>
          </accessor>
        </technique_common>
      </source>
      <source id="mixamorig_Spine1-Matrix-animation-output-transform">
        <float_array id="mixamorig_Spine1-Matrix-animation-output-transform-array" count="512">

0.999889 -0.009782 0.011205 0.000000 0.009858 0.999929 -0.006716 12.174800 -0.011138 0.006826 0.999915 -0.000000 0.000000 0.000000 0.000000 1.000000
0.999723 -0.004821 0.023023 0.000000 0.004993 0.999960 -0.007390 12.174800 -0.022987 0.007503 0.999708 0.000000 0.000000 0.000000 0.000000 1.000000
0.999450 -0.002395 0.033079 -0.000000 0.002769 0.999933 -0.011253 12.174800 -0.033049 0.011339 0.999389 0.000000 0.000000 0.000000 0.000000 1.000000
0.999167 -0.001474 0.040789 0.000000 0.002013 0.999911 -0.013162 12.174800 -0.040766 0.013233 0.999081 0.000000 0.000000 0.000000 0.000000 1.000000
0.998865 0.000759 0.047626 0.000000 -0.000003 0.999874 -0.015853 12.174800 -0.047632 0.015835 0.998739 -0.000000 0.000000 0.000000 0.000000 1.000000
0.998454 0.004056 0.055436 0.000000 -0.003149 0.999860 -0.016441 12.174800 -0.055495 0.016241 0.998327 0.000000 0.000000 0.000000 0.000000 1.000000
0.997879 0.007586 0.064656 0.000000 -0.006555 0.999848 -0.016137 12.174800 -0.064768 0.015679 0.997777 -0.000000 0.000000 0.000000 0.000000 1.000000
0.997228 0.010420 0.073672 -0.000000 -0.009310 0.999838 -0.015385 12.174800 -0.073820 0.014656 0.997164 0.000000 0.000000 0.000000 0.000000 1.000000
0.996679 0.012943 0.080394 -0.000000 -0.011913 0.999841 -0.013269 12.174800 -0.080553 0.012267 0.996675 -0.000000 0.000000 0.000000 0.000000 1.000000
0.996396 0.016334 0.083230 0.000000 -0.015911 0.999857 -0.005746 12.174800 -0.083312 0.004401 0.996514 0.000000 0.000000 0.000000 0.000000 1.000000
0.996446 0.022563 0.081158 0.000000 -0.023008 0.999725 0.004556 12.174800 -0.081033 -0.006407 0.996691 -0.000000 0.000000 0.000000 0.000000 1.000000
0.996911 0.027398 0.073602 -0.000000 -0.028103 0.999568 0.008571 12.174800 -0.073335 -0.010613 0.997251 0.000000 0.000000 0.000000 0.000000 1.000000
0.997703 0.026457 0.062356 -0.000000 -0.026852 0.999624 0.005509 12.174800 -0.062186 -0.007171 0.998039 0.000000 0.000000 0.000000 0.000000 1.000000
0.998475 0.023267 0.050054 0.000000 -0.023334 0.999727 0.000761 12.174800 -0.050023 -0.001927 0.998746 -0.000000 0.000000 0.000000 0.000000 1.000000
0.999203 0.017253 0.036001 0.000000 -0.017161 0.999849 -0.002839 12.174800 -0.036045 0.002219 0.999348 0.000000 0.000000 0.000000 0.000000 1.000000
0.999763 0.010569 0.019019 -0.000000 -0.010499 0.999938 -0.003733 12.174800 -0.019058 0.003532 0.999812 -0.000000 0.000000 0.000000 0.000000 1.000000
0.999973 0.007327 0.000940 -0.000000 -0.007322 0.999960 -0.005199 12.174800 -0.000978 0.005192 0.999986 0.000000 0.000000 0.000000 0.000000 1.000000
0.999868 0.007933 -0.014186 0.000000 -0.008027 0.999946 -0.006608 12.174800 0.014133 0.006721 0.999878 0.000000 0.000000 0.000000 0.000000 1.000000
0.999659 0.010148 -0.024062 0.000000 -0.010339 0.999916 -0.007817 12.174800 0.023980 0.008063 0.999680 0.000000 0.000000 0.000000 0.000000 1.000000
0.999496 0.009368 -0.030326 0.000000 -0.009707 0.999892 -0.011051 12.174800 0.030219 0.011339 0.999479 0.000000 0.000000 0.000000 0.000000 1.000000
0.999319 0.008088 -0.036014 0.000000 -0.008607 0.999861 -0.014278 12.174800 0.035894 0.014579 0.999249 0.000000 0.000000 0.000000 0.000000 1.000000
0.999040 0.005500 -0.043461 -0.000000 -0.006203 0.999852 -0.016054 12.174800 0.043366 0.016308 0.998926 0.000000 0.000000 0.000000 0.000000 1.000000
0.998636 0.002049 -0.052174 -0.000000 -0.002908 0.999861 -0.016389 12.174800 0.052134 0.016518 0.998503 -0.000000 0.000000 0.000000 0.000000 1.000000
0.998240 -0.000899 -0.059291 0.000000 0.000169 0.999924 -0.012301 12.174800 0.059298 0.012270 0.998165 -0.000000 0.000000 0.000000 0.000000 1.000000
0.998082 -0.005215 -0.061679 0.000000 0.005038 0.999983 -0.003035 12.174800 0.061694 0.002718 0.998091 0.000000 0.000000 0.000000 0.000000 1.000000
0.998264 -0.010912 -0.057886 0.000000 0.011308 0.999915 0.006514 12.174800 0.057810 -0.007158 0.998302 0.000000 0.000000 0.000000 0.000000 1.000000
0.998541 -0.019562 -0.050334 0.000000 0.020146 0.999735 0.011121 12.174800 0.050103 -0.012119 0.998671 0.000000 0.000000 0.000000 0.000000 1.000000
0.998840 -0.024282 -0.041571 -0.000000 0.024664 0.999658 0.008717 12.174800 0.041345 -0.009732 0.999098 0.000000 0.000000 0.000000 0.000000 1.000000
0.999166 -0.025109 -0.032195 0.000000 0.025205 0.999679 0.002577 12.174800 0.032120 -0.003387 0.999478 0.000000 0.000000 0.000000 0.000000 1.000000
0.999563 -0.021402 -0.020367 0.000000 0.021357 0.999769 -0.002442 12.174800 0.020415 0.002006 0.999790 -0.000000 0.000000 0.000000 0.000000 1.000000
0.999866 -0.015436 -0.005462 -0.000000 0.015413 0.999872 -0.004397 12.174800 0.005529 0.004312 0.999975 -0.000000 0.000000 0.000000 0.000000 1.000000
0.999889 -0.009782 0.011205 -0.000000 0.009858 0.999929 -0.006716 12.174800 -0.011138 0.006826 0.999915 0.000000 0.000000 0.000000 0.000000 1.000000</float_array>
        <technique_common>
          <accessor source="#mixamorig_Spine1-Matrix-animation-output-transform-array" count="32" stride="16">
            <param type="float4x4"/>
          </accessor>
        </technique_common>
      </source>
      <source id="mixamorig_Spine1-Interpolations">
        <Name_array id="mixamorig_Spine1-Interpolations-array" count="32">
 LINEAR LINEAR LINEAR LINEAR LINEAR LINEAR LINEAR LINEAR LINEAR LINEAR LINEAR
LINEAR LINEAR LINEAR LINEAR LINEAR LINEAR LINEAR LINEAR LINEAR LINEAR LINEAR LINEAR
LINEAR LINEAR LINEAR LINEAR LINEAR LINEAR LINEAR LINEAR LINEAR</Name_array>
        <technique_common>
          <accessor source="#mixamorig_Spine1-Interpolations-array" count="32">
            <param type="name"/>
          </accessor>
        </technique_common>
      </source>
      <sampler id="mixamorig_Spine1-Matrix-animation-transform">
        <input semantic="INPUT" source="#mixamorig_Spine1-Matrix-animation-input"/>
        <input semantic="OUTPUT" source="#mixamorig_Spine1-Matrix-animation-output-transform"/>
        <input semantic="INTERPOLATION" source="#mixamorig_Spine1-Interpolations"/>
      </sampler>
      <channel source="#mixamorig_Spine1-Matrix-animation-transform" target="mixamorig_Spine1/matrix"/>
    </animation>
    <animation id="mixamorig_Spine2-anim" name="mixamorig_Spine2">
      <source id="mixamorig_Spine2-Matrix-animation-input">
        <float_array id="mixamorig_Spine2-Matrix-animation-input-array" count="32">

0.000000 0.033333 0.066667 0.100000 0.133333 0.166667 0.200000 0.233333 0.266667 0.300000 0.333333 0.366667 0.400000 0.433333 0.466667 0.500000
0.533333 0.566667 0.600000 0.633333 0.666667 0.700000 0.733333 0.766667 0.800000 0.833333 0.866667 0.900000 0.933333 0.966667 1.000000 1.033333</float_array>
        <technique_common>
          <accessor source="#mixamorig_Spine2-Matrix-animation-input-array" count="32">
            <param name="TIME" type="float"/>
          </accessor>
        </technique_common>
      </source>
      <source id="mixamorig_Spine2-Matrix-animation-output-transform">
        <float_array id="mixamorig_Spine2-Matrix-animation-output-transform-array" count="512">

0.999889 -0.008672 0.012085 -0.000000 0.009858 0.994756 -0.101802 14.038200 -0.011138 0.101910 0.994731 0.000000 0.000000 0.000000 0.000000 1.000000
0.999723 -0.002610 0.023377 0.000000 0.004993 0.994723 -0.102476 14.038200 -0.022987 0.102564 0.994461 -0.000000 0.000000 0.000000 0.000000 1.000000
0.999450 0.000762 0.033156 -0.000000 0.002769 0.994328 -0.106319 14.038200 -0.033049 0.106352 0.993779 0.000000 0.000000 0.000000 0.000000 1.000000
0.999167 0.002412 0.040744 0.000000 0.002013 0.994125 -0.108217 14.038200 -0.040766 0.108208 0.993292 0.000000 0.000000 0.000000 0.000000 1.000000
0.998865 0.005285 0.047338 0.000000 -0.000003 0.993832 -0.110892 14.038200 -0.047632 0.110766 0.992704 0.000000 0.000000 0.000000 0.000000 1.000000
0.998454 0.009311 0.054799 -0.000000 -0.003149 0.993762 -0.111476 14.038200 -0.055495 0.111131 0.992255 0.000000 0.000000 0.000000 0.000000 1.000000
0.997879 0.013702 0.063641 0.000000 -0.006555 0.993780 -0.111172 14.038200 -0.064768 0.110519 0.991761 0.000000 0.000000 0.000000 0.000000 1.000000
0.997228 0.017380 0.072346 0.000000 -0.009310 0.993841 -0.110423 14.038200 -0.073820 0.109443 0.991248 -0.000000 0.000000 0.000000 0.000000 1.000000
0.996679 0.020531 0.078799 0.000000 -0.011913 0.994045 -0.108316 14.038200 -0.080553 0.107018 0.990989 0.000000 0.000000 0.000000 0.000000 1.000000
0.996396 0.024177 0.081299 -0.000000 -0.015911 0.994777 -0.100829 14.038200 -0.083312 0.099172 0.991577 0.000000 0.000000 0.000000 0.000000 1.000000
0.996446 0.030180 0.078644 0.000000 -0.023008 0.995625 -0.090562 14.038200 -0.081033 0.088430 0.992781 0.000000 0.000000 0.000000 0.000000 1.000000
0.996911 0.034275 0.070662 0.000000 -0.028103 0.995851 -0.086550 14.038200 -0.073335 0.084297 0.993738 -0.000000 0.000000 0.000000 0.000000 1.000000
0.997703 0.032269 0.059556 0.000000 -0.026852 0.995616 -0.089603 14.038200 -0.062186 0.087798 0.994195 0.000000 0.000000 0.000000 0.000000 1.000000
0.998475 0.027923 0.047614 0.000000 -0.023334 0.995267 -0.094340 14.038200 -0.050023 0.093085 0.994401 0.000000 0.000000 0.000000 0.000000 1.000000
0.999203 0.020599 0.034197 -0.000000 -0.017161 0.995045 -0.097935 14.038200 -0.036045 0.097270 0.994605 -0.000000 0.000000 0.000000 0.000000 1.000000
0.999763 0.012330 0.017928 0.000000 -0.010499 0.995049 -0.098833 14.038200 -0.019058 0.098622 0.994943 -0.000000 0.000000 0.000000 0.000000 1.000000
0.999973 0.007383 0.000239 -0.000000 -0.007322 0.994931 -0.100294 14.038200 -0.000978 0.100290 0.994958 0.000000 0.000000 0.000000 0.000000 1.000000
0.999868 0.006547 -0.014877 0.000000 -0.008027 0.994783 -0.101696 14.038200 0.014133 0.101802 0.994704 0.000000 0.000000 0.000000 0.000000 1.000000
0.999659 0.007813 -0.024918 -0.000000 -0.010339 0.994638 -0.102897 14.038200 0.023980 0.103119 0.994380 -0.000000 0.000000 0.000000 0.000000 1.000000
0.999496 0.006441 -0.031079 0.000000 -0.009707 0.994307 -0.106113 14.038200 0.030219 0.106361 0.993868 0.000000 0.000000 0.000000 0.000000 1.000000
0.999319 0.004626 -0.036620 0.000000 -0.008607 0.993969 -0.109324 14.038200 0.035894 0.109564 0.993331 0.000000 0.000000 0.000000 0.000000 1.000000
0.999040 0.001341 -0.043787 0.000000 -0.006203 0.993791 -0.111090 14.038200 0.043366 0.111255 0.992845 -0.000000 0.000000 0.000000 0.000000 1.000000
0.998636 -0.002923 -0.052133 0.000000 -0.002908 0.993769 -0.111424 14.038200 0.052134 0.111424 0.992405 0.000000 0.000000 0.000000 0.000000 1.000000
0.998240 -0.006534 -0.058937 0.000000 0.000169 0.994220 -0.107362 14.038200 0.059298 0.107163 0.992472 -0.000000 0.000000 0.000000 0.000000 1.000000
0.998082 -0.011059 -0.060903 0.000000 0.005038 0.995160 -0.098142 14.038200 0.061694 0.097647 0.993307 -0.000000 0.000000 0.000000 0.000000 1.000000
0.998264 -0.016369 -0.056585 0.000000 0.011308 0.996000 -0.088630 14.038200 0.057810 0.087836 0.994456 0.000000 0.000000 0.000000 0.000000 1.000000
0.998541 -0.024261 -0.048245 0.000000 0.020146 0.996260 -0.084027 14.038200 0.050103 0.082932 0.995295 -0.000000 0.000000 0.000000 0.000000 1.000000
0.998840 -0.028126 -0.039072 0.000000 0.024664 0.995954 -0.086413 14.038200 0.041345 0.085349 0.995493 0.000000 0.000000 0.000000 0.000000 1.000000
0.999166 -0.028057 -0.029660 -0.000000 0.025205 0.995391 -0.092527 14.038200 0.032120 0.091702 0.995268 0.000000 0.000000 0.000000 0.000000 1.000000
0.999563 -0.023243 -0.018239 -0.000000 0.021357 0.995003 -0.097532 14.038200 0.020415 0.097100 0.995065 0.000000 0.000000 0.000000 0.000000 1.000000
0.999866 -0.015886 -0.003969 -0.000000 0.015413 0.994919 -0.099488 14.038200 0.005529 0.099413 0.995031 0.000000 0.000000 0.000000 0.000000 1.000000
0.999889 -0.008672 0.012085 0.000000 0.009858 0.994756 -0.101802 14.038200 -0.011138 0.101910 0.994731 0.000000 0.000000 0.000000 0.000000 1.000000</float_array>
        <technique_common>
          <accessor source="#mixamorig_Spine2-Matrix-animation-output-transform-array" count="32" stride="16">
            <param type="float4x4"/>
          </accessor>
        </technique_common>
      </source>
      <source id="mixamorig_Spine2-Interpolations">
        <Name_array id="mixamorig_Spine2-Interpolations-array" count="32">
 LINEAR LINEAR LINEAR LINEAR LINEAR LINEAR LINEAR LINEAR LINEAR LINEAR LINEAR
LINEAR LINEAR LINEAR LINEAR LINEAR LINEAR LINEAR LINEAR LINEAR LINEAR LINEAR LINEAR
LINEAR LINEAR LINEAR LINEAR LINEAR LINEAR LINEAR LINEAR LINEAR</Name_array>
        <technique_common>
          <accessor source="#mixamorig_Spine2-Interpolations-array" count="32">
            <param type="name"/>
          </accessor>
        </technique_common>
      </source>
      <sampler id="mixamorig_Spine2-Matrix-animation-transform">
        <input semantic="INPUT" source="#mixamorig_Spine2-Matrix-animation-input"/>
        <input semantic="OUTPUT" source="#mixamorig_Spine2-Matrix-animation-output-transform"/>
        <input semantic="INTERPOLATION" source="#mixamorig_Spine2-Interpolations"/>
      </sampler>
      <channel source="#mixamorig_Spine2-Matrix-animation-transform" target="mixamorig_Spine2/matrix"/>
    </animation>
    <animation id="mixamorig_Neck-anim" name="mixamorig_Neck">
      <source id="mixamorig_Neck-Matrix-animation-input">
        <float_array id="mixamorig_Neck-Matrix-animation-input-array" count="32">

0.000000 0.033333 0.066667 0.100000 0.133333 0.166667 0.200000 0.233333 0.266667 0.300000 0.333333 0.366667 0.400000 0.433333 0.466667 0.500000
0.533333 0.566667 0.600000 0.633333 0.666667 0.700000 0.733333 0.766667 0.800000 0.833333 0.866667 0.900000 0.933333 0.966667 1.000000 1.033333</float_array>
        <technique_common>
          <accessor source="#mixamorig_Neck-Matrix-animation-input-array" count="32">
            <param name="TIME" type="float"/>
          </accessor>
        </technique_common>
      </source>
      <source id="mixamorig_Neck-Matrix-animation-output-transform">
        <float_array id="mixamorig_Neck-Matrix-animation-output-transform-array" count="512">

0.999746 0.021083 -0.007958 0.049900 -0.021083 0.999778 0.000075 15.686700 0.007958 0.000093 0.999968 -1.491600 0.000000 0.000000 0.000000 1.000000
0.999909 0.008095 -0.010777 0.049900 -0.008196 0.999922 -0.009394 15.686700 0.010700 0.009482 0.999898 -1.491600 0.000000 0.000000 0.000000 1.000000
0.999848 -0.009064 -0.014863 0.049900 0.008909 0.999906 -0.010458 15.686700 0.014956 0.010324 0.999835 -1.491600 0.000000 0.000000 0.000000 1.000000
0.999628 -0.021022 -0.017352 0.049900 0.020548 0.999423 -0.027058 15.686700 0.017911 0.026692 0.999483 -1.491600 0.000000 0.000000 0.000000 1.000000
0.999162 -0.035487 -0.020381 0.049900 0.034733 0.998740 -0.036233 15.686700 0.021641 0.035495 0.999136 -1.491600 0.000000 0.000000 0.000000 1.000000
0.998259 -0.053529 -0.024755 0.049900 0.052377 0.997611 -0.045039 15.686700 0.027107 0.043664 0.998678 -1.491600 0.000000 0.000000 0.000000 1.000000
0.996879 -0.072846 -0.030426 0.049900 0.071410 0.996392 -0.045870 15.686700 0.033657 0.043555 0.998484 -1.491600 0.000000 0.000000 0.000000 1.000000
0.995707 -0.085504 -0.035455 0.049900 0.084353 0.995897 -0.032777 15.686700 0.038112 0.029645 0.998834 -1.491600 0.000000 0.000000 0.000000 1.000000
0.995584 -0.086101 -0.037401 0.049900 0.085813 0.996268 -0.009246 15.686700 0.038058 0.005996 0.999258 -1.491600 0.000000 0.000000 0.000000 1.000000
0.996181 -0.079903 -0.035187 0.049900 0.079600 0.996777 -0.009944 15.686700 0.035868 0.007105 0.999331 -1.491600 0.000000 0.000000 0.000000 1.000000
0.996334 -0.079391 -0.031871 0.049900 0.078656 0.996620 -0.023687 15.686700 0.033644 0.021093 0.999211 -1.491600 0.000000 0.000000 0.000000 1.000000
0.997093 -0.071280 -0.026913 0.049900 0.070757 0.997295 -0.019919 15.686700 0.028260 0.017957 0.999439 -1.491600 0.000000 0.000000 0.000000 1.000000
0.998647 -0.048600 -0.018487 0.049900 0.048308 0.998706 -0.015924 15.686700 0.019237 0.015010 0.999702 -1.491600 0.000000 0.000000 0.000000 1.000000
0.999337 -0.034502 -0.011603 0.049900 0.034222 0.999138 -0.023502 15.686700 0.012404 0.023089 0.999656 -1.491600 0.000000 0.000000 0.000000 1.000000
0.999735 -0.022408 -0.005258 0.049900 0.022219 0.999187 -0.033641 15.686700 0.006008 0.033515 0.999420 -1.491600 0.000000 0.000000 0.000000 1.000000
0.999933 -0.011586 0.000595 0.049900 0.011602 0.998588 -0.051836 15.686700 0.000006 0.051840 0.998655 -1.491600 0.000000 0.000000 0.000000 1.000000
0.999961 -0.007402 0.004883 0.049900 0.007667 0.998368 -0.056599 15.686700 -0.004456 0.056635 0.998385 -1.491600 0.000000 0.000000 0.000000 1.000000
0.999949 -0.006031 0.008138 0.049900 0.006476 0.998420 -0.055822 15.686700 -0.007788 0.055872 0.998408 -1.491600 0.000000 0.000000 0.000000 1.000000
0.999937 -0.003519 0.010673 0.049900 0.004131 0.998313 -0.057913 15.686700 -0.010451 0.057953 0.998265 -1.491600 0.000000 0.000000 0.000000 1.000000
0.999837 0.011058 0.014284 0.049900 -0.010273 0.998496 -0.053859 15.686700 -0.014858 0.053703 0.998446 -1.491600 0.000000 0.000000 0.000000 1.000000
0.999647 0.021206 0.016033 0.049900 -0.020341 0.998423 -0.052315 15.686700 -0.017117 0.051970 0.998502 -1.491600 0.000000 0.000000 0.000000 1.000000
0.999268 0.033675 0.018132 0.049900 -0.032847 0.998484 -0.044158 15.686700 -0.019592 0.043530 0.998860 -1.491600 0.000000 0.000000 0.000000 1.000000
0.998653 0.047332 0.021257 0.049900 -0.046837 0.998633 -0.023220 15.686700 -0.022326 0.022193 0.999504 -1.491600 0.000000 0.000000 0.000000 1.000000
0.998376 0.052244 0.022726 0.049900 -0.052175 0.998631 -0.003609 15.686700 -0.022883 0.002417 0.999735 -1.491600 0.000000 0.000000 0.000000 1.000000
0.998296 0.053920 0.022328 0.049900 -0.053877 0.998544 -0.002539 15.686700 -0.022433 0.001331 0.999747 -1.491600 0.000000 0.000000 0.000000 1.000000
0.998775 0.045768 0.018820 0.049900 -0.045788 0.998951 0.000644 15.686700 -0.018770 -0.001505 0.999823 -1.491600 0.000000 0.000000 0.000000 1.000000
0.998939 0.043302 0.015680 0.049900 -0.043465 0.999003 0.010229 15.686700 -0.015221 -0.010899 0.999825 -1.491600 0.000000 0.000000 0.000000 1.000000
0.999538 0.028922 0.009387 0.049900 -0.029169 0.999199 0.027379 15.686700 -0.008588 -0.027640 0.999581 -1.491600 0.000000 0.000000 0.000000 1.000000
0.999810 0.019127 0.003694 0.049900 -0.019249 0.999153 0.036359 15.686700 -0.002995 -0.036424 0.999332 -1.491600 0.000000 0.000000 0.000000 1.000000
0.999933 0.011452 -0.001796 0.049900 -0.011394 0.999499 0.029515 15.686700 0.002133 -0.029492 0.999563 -1.491600 0.000000 0.000000 0.000000 1.000000
0.999932 0.009976 -0.006056 0.049900 -0.009906 0.999886 0.011424 15.686700 0.006169 -0.011363 0.999916 -1.491600 0.000000 0.000000 0.000000 1.000000
0.999746 0.021083 -0.007959 0.049900 -0.021083 0.999778 0.000075 15.686700 0.007958 0.000092 0.999968 -1.491600 0.000000 0.000000 0.000000 1.000000</float_array>
        <technique_common>
          <accessor source="#mixamorig_Neck-Matrix-animation-output-transform-array" count="32" stride="16">
            <param type="float4x4"/>
          </accessor>
        </technique_common>
      </source>
      <source id="mixamorig_Neck-Interpolations">
        <Name_array id="mixamorig_Neck-Interpolations-array" count="32">
 LINEAR LINEAR LINEAR LINEAR LINEAR LINEAR LINEAR LINEAR LINEAR LINEAR LINEAR
LINEAR LINEAR LINEAR LINEAR LINEAR LINEAR LINEAR LINEAR LINEAR LINEAR LINEAR LINEAR
LINEAR LINEAR LINEAR LINEAR LINEAR LINEAR LINEAR LINEAR LINEAR</Name_array>
        <technique_common>
          <accessor source="#mixamorig_Neck-Interpolations-array" count="32">
            <param type="name"/>
          </accessor>
        </technique_common>
      </source>
      <sampler id="mixamorig_Neck-Matrix-animation-transform">
        <input semantic="INPUT" source="#mixamorig_Neck-Matrix-animation-input"/>
        <input semantic="OUTPUT" source="#mixamorig_Neck-Matrix-animation-output-transform"/>
        <input semantic="INTERPOLATION" source="#mixamorig_Neck-Interpolations"/>
      </sampler>
      <channel source="#mixamorig_Neck-Matrix-animation-transform" target="mixamorig_Neck/matrix"/>
    </animation>
    <animation id="mixamorig_Head-anim" name="mixamorig_Head">
      <source id="mixamorig_Head-Matrix-animation-input">
        <float_array id="mixamorig_Head-Matrix-animation-input-array" count="32">

0.000000 0.033333 0.066667 0.100000 0.133333 0.166667 0.200000 0.233333 0.266667 0.300000 0.333333 0.366667 0.400000 0.433333 0.466667 0.500000
0.533333 0.566667 0.600000 0.633333 0.666667 0.700000 0.733333 0.766667 0.800000 0.833333 0.866667 0.900000 0.933333 0.966667 1.000000 1.033333</float_array>
        <technique_common>
          <accessor source="#mixamorig_Head-Matrix-animation-input-array" count="32">
            <param name="TIME" type="float"/>
          </accessor>
        </technique_common>
      </source>
      <source id="mixamorig_Head-Matrix-animation-output-transform">
        <float_array id="mixamorig_Head-Matrix-animation-output-transform-array" count="512">

0.998050 -0.033250 -0.052817 -0.000000 0.030730 0.998383 -0.047823 7.013200 0.054322 0.046107 0.997458 0.918400 0.000000 0.000000 0.000000 1.000000
0.998313 -0.027046 -0.051370 0.000000 0.024995 0.998880 -0.040165 7.013200 0.052399 0.038813 0.997872 0.918400 0.000000 0.000000 0.000000 1.000000
0.998764 -0.015367 -0.047267 -0.000000 0.013615 0.999216 -0.037166 7.013200 0.047802 0.036477 0.998191 0.918400 0.000000 0.000000 0.000000 1.000000
0.999017 -0.007256 -0.043735 0.000000 0.006089 0.999624 -0.026748 7.013200 0.043913 0.026455 0.998685 0.918400 0.000000 0.000000 0.000000 1.000000
0.999175 0.000758 -0.040598 -0.000000 -0.001576 0.999796 -0.020114 7.013200 0.040575 0.020162 0.998973 0.918400 0.000000 0.000000 0.000000 1.000000
0.999234 0.008478 -0.038206 0.000000 -0.008978 0.999876 -0.012931 7.013200 0.038092 0.013264 0.999186 0.918400 0.000000 0.000000 0.000000 1.000000
0.999212 0.013339 -0.037377 0.000000 -0.013677 0.999868 -0.008804 7.013200 0.037255 0.009308 0.999262 0.918400 0.000000 0.000000 0.000000 1.000000
0.999150 0.010153 -0.039958 0.000000 -0.010711 0.999848 -0.013780 7.013200 0.039812 0.014196 0.999106 0.918400 0.000000 0.000000 0.000000 1.000000
0.998933 -0.003274 -0.046072 -0.000000 0.002056 0.999648 -0.026442 7.013200 0.046142 0.026319 0.998588 0.918400 0.000000 0.000000 0.000000 1.000000
0.998476 -0.021051 -0.051010 0.000000 0.019928 0.999550 -0.022423 7.013200 0.051459 0.021372 0.998446 0.918400 0.000000 0.000000 0.000000 1.000000
0.998235 -0.032220 -0.049890 0.000000 0.031583 0.999410 -0.013522 7.013200 0.050296 0.011923 0.998663 0.918400 0.000000 0.000000 0.000000 1.000000
0.998225 -0.040334 -0.043820 0.000000 0.039453 0.999005 -0.020803 7.013200 0.044615 0.019037 0.998823 0.918400 0.000000 0.000000 0.000000 1.000000
0.998204 -0.048961 -0.034508 0.000000 0.047931 0.998398 -0.030083 7.013200 0.035926 0.028374 0.998952 0.918400 0.000000 0.000000 0.000000 1.000000
0.998543 -0.049893 -0.020539 0.000000 0.049164 0.998191 -0.034594 7.013200 0.022228 0.033534 0.999190 0.918400 0.000000 0.000000 0.000000 1.000000
0.998705 -0.050341 -0.007298 -0.000000 0.050026 0.998012 -0.038322 7.013200 0.009212 0.037907 0.999239 0.918400 0.000000 0.000000 0.000000 1.000000
0.998553 -0.053702 0.002758 0.000000 0.053763 0.998061 -0.031377 7.013200 -0.001067 0.031480 0.999504 0.918400 0.000000 0.000000 0.000000 1.000000
0.998294 -0.057564 0.009730 -0.000000 0.057790 0.998021 -0.024769 7.013200 -0.008285 0.025289 0.999646 0.918400 0.000000 0.000000 0.000000 1.000000
0.997974 -0.062093 0.013902 -0.000000 0.062313 0.997929 -0.015970 7.013200 -0.012882 0.016804 0.999776 0.918400 0.000000 0.000000 0.000000 1.000000
0.997666 -0.066417 0.015871 -0.000000 0.066487 0.997780 -0.003920 7.013200 -0.015576 0.004966 0.999866 0.918400 0.000000 0.000000 0.000000 1.000000
0.997179 -0.073652 0.014440 0.000000 0.073612 0.997282 0.003239 7.013200 -0.014640 -0.002167 0.999890 0.918400 0.000000 0.000000 0.000000 1.000000
0.997132 -0.074326 0.014256 0.000000 0.074194 0.997197 0.009617 7.013200 -0.014931 -0.008532 0.999852 0.918400 0.000000 0.000000 0.000000 1.000000
0.997315 -0.071916 0.013805 0.000000 0.071821 0.997391 0.007226 7.013200 -0.014288 -0.006215 0.999879 0.918400 0.000000 0.000000 0.000000 1.000000
0.997661 -0.067196 0.012520 -0.000000 0.067266 0.997721 -0.005228 7.013200 -0.012140 0.006058 0.999908 0.918400 0.000000 0.000000 0.000000 1.000000
0.998297 -0.057129 0.011787 -0.000000 0.057345 0.998177 -0.018831 7.013200 -0.010689 0.019475 0.999753 0.918400 0.000000 0.000000 0.000000 1.000000
0.998812 -0.047867 0.009104 0.000000 0.048039 0.998652 -0.019676 7.013200 -0.008150 0.020090 0.999765 0.918400 0.000000 0.000000 0.000000 1.000000
0.999262 -0.038054 0.005220 0.000000 0.038161 0.999023 -0.022303 7.013200 -0.004366 0.022486 0.999738 0.918400 0.000000 0.000000 0.000000 1.000000
