<?xml version="1.0" encoding="utf-8"?>
<COLLADA xmlns="http://www.collada.org/2005/11/COLLADASchema" version="1.4.1">
  <asset>
    <contributor>
      <author>Mixamo</author>
      <authoring_tool>COLLADA Mixamo exporter</authoring_tool>
      <comments/>
    </contributor>
    <created>2026-03-17T17:52:37Z</created>
    <modified>2026-03-17T17:52:37Z</modified>
    <revision/>
    <title/>
    <unit meter="0.010000"/>
    <up_axis>Y_UP</up_axis>
  </asset>
  <library_animations>
    <animation id="mixamorig1_Hips-anim" name="mixamorig1_Hips">
      <source id="mixamorig1_Hips-Matrix-animation-input">
        <float_array id="mixamorig1_Hips-Matrix-animation-input-array" count="64">

0.000000 0.033333 0.066667 0.100000 0.133333 0.166667 0.200000 0.233333 0.266667 0.300000 0.333333 0.366667 0.400000 0.433333 0.466667 0.500000
0.533333 0.566667 0.600000 0.633333 0.666667 0.700000 0.733333 0.766667 0.800000 0.833333 0.866667 0.900000 0.933333 0.966667 1.000000 1.033333
1.066667 1.100000 1.133333 1.166667 1.200000 1.233333 1.266667 1.300000 1.333333 1.366667 1.400000 1.433333 1.466667 1.500000 1.533333 1.566667
1.600000 1.633333 1.666667 1.700000 1.733333 1.766667 1.800000 1.833333 1.866667 1.900000 1.933333 1.966667 2.000000 2.033333 2.066667 2.100000</float_array>
        <technique_common>
          <accessor source="#mixamorig1_Hips-Matrix-animation-input-array" count="64">
            <param name="TIME" type="float"/>
          </accessor>
        </technique_common>
      </source>
      <source id="mixamorig1_Hips-Matrix-animation-output-transform">
        <float_array id="mixamorig1_Hips-Matrix-animation-output-transform-array" count="1024">

0.575205 0.069871 -0.815020 -0.370961 0.033533 0.993494 0.108838 94.484795 0.817322 -0.089934 0.569119 0.098157 0.000000 0.000000 0.000000 1.000000
0.575243 0.070383 -0.814949 -0.369222 0.033544 0.993423 0.109474 94.475937 0.817295 -0.090311 0.569099 0.096746 0.000000 0.000000 0.000000 1.000000
0.575277 0.070931 -0.814877 -0.366170 0.033554 0.993348 0.110154 94.464035 0.817270 -0.090712 0.569071 0.094320 0.000000 0.000000 0.000000 1.000000
0.575293 0.071523 -0.814814 -0.361643 0.033560 0.993267 0.110882 94.451050 0.817259 -0.091135 0.569019 0.090780 0.000000 0.000000 0.000000 1.000000
0.575286 0.072157 -0.814764 -0.355738 0.033563 0.993180 0.111656 94.436707 0.817264 -0.091580 0.568940 0.086202 0.000000 0.000000 0.000000 1.000000
0.575269 0.072826 -0.814716 -0.348597 0.033564 0.993088 0.112470 94.422058 0.817275 -0.092046 0.568849 0.080677 0.000000 0.000000 0.000000 1.000000
0.575255 0.073524 -0.814663 -0.340274 0.033565 0.992991 0.113320 94.406601 0.817285 -0.092532 0.568755 0.074157 0.000000 0.000000 0.000000 1.000000
0.575246 0.074250 -0.814604 -0.330832 0.033566 0.992890 0.114204 94.390358 0.817292 -0.093039 0.568664 0.066720 0.000000 0.000000 0.000000 1.000000
0.575238 0.075000 -0.814540 -0.320386 0.033569 0.992784 0.115120 94.373444 0.817297 -0.093564 0.568570 0.058468 0.000000 0.000000 0.000000 1.000000
0.575232 0.075774 -0.814473 -0.308978 0.033570 0.992674 0.116062 94.355576 0.817301 -0.094105 0.568474 0.049521 0.000000 0.000000 0.000000 1.000000
0.575226 0.076568 -0.814403 -0.296720 0.033572 0.992561 0.117030 94.337845 0.817305 -0.094660 0.568376 0.039884 0.000000 0.000000 0.000000 1.000000
0.575221 0.077379 -0.814330 -0.283659 0.033573 0.992444 0.118018 94.319160 0.817309 -0.095226 0.568277 0.029665 0.000000 0.000000 0.000000 1.000000
0.575219 0.078204 -0.814253 -0.269898 0.033575 0.992323 0.119025 94.299637 0.817310 -0.095804 0.568177 0.018858 0.000000 0.000000 0.000000 1.000000
0.575217 0.079040 -0.814173 -0.255496 0.033576 0.992201 0.120045 94.280350 0.817311 -0.096389 0.568077 0.007518 0.000000 0.000000 0.000000 1.000000
0.575217 0.079885 -0.814091 -0.240519 0.033578 0.992075 0.121075 94.260170 0.817311 -0.096980 0.567976 -0.004297 0.000000 0.000000 0.000000 1.000000
0.575218 0.080738 -0.814006 -0.224973 0.033580 0.991947 0.122117 94.240036 0.817311 -0.097578 0.567874 -0.016587 0.000000 0.000000 0.000000 1.000000
0.575219 0.081601 -0.813919 -0.208935 0.033581 0.991817 0.123169 94.219574 0.817310 -0.098182 0.567772 -0.029251 0.000000 0.000000 0.000000 1.000000
0.575221 0.082459 -0.813831 -0.192664 0.033582 0.991687 0.124216 94.198631 0.817308 -0.098782 0.567670 -0.042051 0.000000 0.000000 0.000000 1.000000
0.575224 0.083298 -0.813743 -0.176496 0.033584 0.991558 0.125239 94.178299 0.817306 -0.099370 0.567571 -0.054808 0.000000 0.000000 0.000000 1.000000
0.575229 0.084144 -0.813653 -0.159871 0.033586 0.991427 0.126272 94.157654 0.817303 -0.099962 0.567471 -0.067877 0.000000 0.000000 0.000000 1.000000
0.575234 0.085072 -0.813553 -0.141329 0.033587 0.991282 0.127405 94.134583 0.817299 -0.100613 0.567362 -0.082505 0.000000 0.000000 0.000000 1.000000
0.575241 0.086124 -0.813437 -0.119955 0.033589 0.991116 0.128689 94.108627 0.817294 -0.101350 0.567238 -0.099376 0.000000 0.000000 0.000000 1.000000
0.575250 0.087242 -0.813312 -0.096935 0.033590 0.990938 0.130054 94.080246 0.817288 -0.102133 0.567106 -0.117551 0.000000 0.000000 0.000000 1.000000
0.575259 0.088340 -0.813187 -0.073963 0.033592 0.990761 0.131394 94.052643 0.817281 -0.102902 0.566977 -0.135668 0.000000 0.000000 0.000000 1.000000
0.575267 0.089383 -0.813067 -0.051795 0.033593 0.990591 0.132667 94.026215 0.817275 -0.103633 0.566852 -0.153148 0.000000 0.000000 0.000000 1.000000
0.575274 0.090378 -0.812953 -0.030396 0.033595 0.990428 0.133881 93.999863 0.817271 -0.104329 0.566731 -0.170036 0.000000 0.000000 0.000000 1.000000
0.575281 0.091326 -0.812841 -0.009769 0.033595 0.990271 0.135038 93.975525 0.817265 -0.104992 0.566616 -0.186328 0.000000 0.000000 0.000000 1.000000
0.575296 0.092219 -0.812730 0.009869 0.033598 0.990121 0.136130 93.952110 0.817255 -0.105621 0.566514 -0.201881 0.000000 0.000000 0.000000 1.000000
0.575316 0.093048 -0.812622 0.028281 0.033600 0.989981 0.137144 93.930176 0.817241 -0.106205 0.566425 -0.216445 0.000000 0.000000 0.000000 1.000000
0.575337 0.093804 -0.812520 0.045325 0.033602 0.989852 0.138070 93.909996 0.817226 -0.106739 0.566346 -0.229917 0.000000 0.000000 0.000000 1.000000
0.575355 0.094484 -0.812428 0.060730 0.033604 0.989736 0.138903 93.891747 0.817213 -0.107219 0.566274 -0.242108 0.000000 0.000000 0.000000 1.000000
0.575370 0.095081 -0.812348 0.074365 0.033606 0.989633 0.139634 93.875793 0.817203 -0.107641 0.566210 -0.252850 0.000000 0.000000 0.000000 1.000000
0.575383 0.095590 -0.812279 0.086047 0.033608 0.989545 0.140257 93.861748 0.817193 -0.108000 0.566155 -0.262060 0.000000 0.000000 0.000000 1.000000
0.575394 0.096002 -0.812223 0.095605 0.033609 0.989473 0.140761 93.850754 0.817186 -0.108291 0.566110 -0.269604 0.000000 0.000000 0.000000 1.000000
0.575402 0.096309 -0.812181 0.102802 0.033607 0.989420 0.141136 93.842361 0.817180 -0.108505 0.566077 -0.275293 0.000000 0.000000 0.000000 1.000000
0.575406 0.096503 -0.812155 0.107425 0.033602 0.989386 0.141369 93.837196 0.817177 -0.108635 0.566056 -0.278945 0.000000 0.000000 0.000000 1.000000
0.575408 0.096578 -0.812144 0.109320 0.033602 0.989373 0.141460 93.835114 0.817176 -0.108687 0.566048 -0.280432 0.000000 0.000000 0.000000 1.000000
0.575406 0.096525 -0.812152 0.108383 0.033605 0.989382 0.141398 93.836716 0.817177 -0.108654 0.566053 -0.279716 0.000000 0.000000 0.000000 1.000000
0.575400 0.096326 -0.812180 0.104628 0.033608 0.989417 0.141157 93.841873 0.817181 -0.108517 0.566073 -0.276795 0.000000 0.000000 0.000000 1.000000
0.575388 0.095975 -0.812230 0.098197 0.033607 0.989478 0.140726 93.851761 0.817190 -0.108269 0.566109 -0.271735 0.000000 0.000000 0.000000 1.000000
0.575373 0.095480 -0.812299 0.089293 0.033604 0.989564 0.140118 93.864952 0.817201 -0.107916 0.566160 -0.264684 0.000000 0.000000 0.000000 1.000000
0.575361 0.094853 -0.812381 0.078023 0.033600 0.989673 0.139351 93.881554 0.817209 -0.107474 0.566232 -0.255739 0.000000 0.000000 0.000000 1.000000
0.575356 0.094111 -0.812471 0.064639 0.033599 0.989800 0.138445 93.901787 0.817213 -0.106953 0.566325 -0.245130 0.000000 0.000000 0.000000 1.000000
0.575356 0.093275 -0.812567 0.049562 0.033597 0.989942 0.137425 93.923706 0.817213 -0.106369 0.566435 -0.233209 0.000000 0.000000 0.000000 1.000000
0.575356 0.092355 -0.812672 0.032996 0.033596 0.990097 0.136303 93.948410 0.817213 -0.105725 0.566556 -0.220186 0.000000 0.000000 0.000000 1.000000
0.575356 0.091311 -0.812790 0.014258 0.033594 0.990272 0.135030 93.975700 0.817213 -0.104995 0.566691 -0.205479 0.000000 0.000000 0.000000 1.000000
0.575356 0.090082 -0.812927 -0.007768 0.033592 0.990475 0.133532 94.007439 0.817213 -0.104136 0.566849 -0.188152 0.000000 0.000000 0.000000 1.000000
0.575355 0.088669 -0.813083 -0.033130 0.033589 0.990706 0.131808 94.043396 0.817214 -0.103147 0.567030 -0.168183 0.000000 0.000000 0.000000 1.000000
0.575355 0.087145 -0.813248 -0.060534 0.033586 0.990952 0.129948 94.082489 0.817214 -0.102080 0.567222 -0.146569 0.000000 0.000000 0.000000 1.000000
0.575355 0.085576 -0.813415 -0.088755 0.033583 0.991201 0.128035 94.121338 0.817214 -0.100983 0.567418 -0.124297 0.000000 0.000000 0.000000 1.000000
0.575355 0.083988 -0.813580 -0.117309 0.033581 0.991449 0.126098 94.161049 0.817214 -0.099872 0.567615 -0.101819 0.000000 0.000000 0.000000 1.000000
0.575355 0.082390 -0.813744 -0.145988 0.033578 0.991695 0.124149 94.199570 0.817214 -0.098754 0.567810 -0.079272 0.000000 0.000000 0.000000 1.000000
0.575355 0.080799 -0.813903 -0.174524 0.033576 0.991936 0.122209 94.237762 0.817215 -0.097641 0.568002 -0.056817 0.000000 0.000000 0.000000 1.000000
0.575354 0.079239 -0.814057 -0.202547 0.033573 0.992169 0.120305 94.274986 0.817215 -0.096548 0.568189 -0.034740 0.000000 0.000000 0.000000 1.000000
0.575353 0.077730 -0.814203 -0.229653 0.033570 0.992391 0.118464 94.310097 0.817216 -0.095491 0.568366 -0.013357 0.000000 0.000000 0.000000 1.000000
0.575354 0.076294 -0.814339 -0.255455 0.033568 0.992598 0.116711 94.343628 0.817216 -0.094486 0.568534 0.006977 0.000000 0.000000 0.000000 1.000000
0.575358 0.074948 -0.814461 -0.279564 0.033566 0.992790 0.115071 94.373703 0.817213 -0.093545 0.568694 0.025938 0.000000 0.000000 0.000000 1.000000
0.575356 0.073719 -0.814574 -0.301619 0.033564 0.992963 0.113570 94.401581 0.817214 -0.092684 0.568833 0.043291 0.000000 0.000000 0.000000 1.000000
0.575333 0.072627 -0.814689 -0.321297 0.033559 0.993115 0.112232 94.426079 0.817231 -0.091911 0.568934 0.058824 0.000000 0.000000 0.000000 1.000000
0.575286 0.071687 -0.814805 -0.338283 0.033549 0.993246 0.111073 94.447426 0.817264 -0.091235 0.568995 0.072309 0.000000 0.000000 0.000000 1.000000
0.575230 0.070917 -0.814912 -0.352175 0.033539 0.993352 0.110120 94.464172 0.817304 -0.090676 0.569027 0.083356 0.000000 0.000000 0.000000 1.000000
0.575185 0.070357 -0.814992 -0.362308 0.033531 0.993429 0.109426 94.476707 0.817336 -0.090268 0.569047 0.091426 0.000000 0.000000 0.000000 1.000000
0.575167 0.070036 -0.815033 -0.368361 0.033527 0.993473 0.109029 94.483955 0.817349 -0.090036 0.569064 0.096247 0.000000 0.000000 0.000000 1.000000
0.575205 0.069871 -0.815020 -0.370967 0.033533 0.993494 0.108838 94.484726 0.817322 -0.089934 0.569119 0.098162 0.000000 0.000000 0.000000 1.000000</float_array>
        <technique_common>
          <accessor source="#mixamorig1_Hips-Matrix-animation-output-transform-array" count="64" stride="16">
            <param type="float4x4"/>
          </accessor>
        </technique_common>
      </source>
      <source id="mixamorig1_Hips-Interpolations">
        <Name_array id="mixamorig1_Hips-Interpolations-array" count="64">
 LINEAR LINEAR LINEAR LINEAR LINEAR LINEAR LINEAR LINEAR LINEAR LINEAR LINEAR
LINEAR LINEAR LINEAR LINEAR LINEAR LINEAR LINEAR LINEAR LINEAR LINEAR LINEAR LINEAR
LINEAR LINEAR LINEAR LINEAR LINEAR LINEAR LINEAR LINEAR LINEAR LINEAR LINEAR LINEAR
LINEAR LINEAR LINEAR LINEAR LINEAR LINEAR LINEAR LINEAR LINEAR LINEAR LINEAR LINEAR
LINEAR LINEAR LINEAR LINEAR LINEAR LINEAR LINEAR LINEAR LINEAR LINEAR LINEAR LINEAR
LINEAR LINEAR LINEAR LINEAR LINEAR</Name_array>
        <technique_common>
          <accessor source="#mixamorig1_Hips-Interpolations-array" count="64">
            <param type="name"/>
          </accessor>
        </technique_common>
      </source>
      <sampler id="mixamorig1_Hips-Matrix-animation-transform">
        <input semantic="INPUT" source="#mixamorig1_Hips-Matrix-animation-input"/>
        <input semantic="OUTPUT" source="#mixamorig1_Hips-Matrix-animation-output-transform"/>
        <input semantic="INTERPOLATION" source="#mixamorig1_Hips-Interpolations"/>
      </sampler>
      <channel source="#mixamorig1_Hips-Matrix-animation-transform" target="mixamorig1_Hips/matrix"/>
    </animation>
    <animation id="mixamorig1_Spine-anim" name="mixamorig1_Spine">
      <source id="mixamorig1_Spine-Matrix-animation-input">
        <float_array id="mixamorig1_Spine-Matrix-animation-input-array" count="64">

0.000000 0.033333 0.066667 0.100000 0.133333 0.166667 0.200000 0.233333 0.266667 0.300000 0.333333 0.366667 0.400000 0.433333 0.466667 0.500000
0.533333 0.566667 0.600000 0.633333 0.666667 0.700000 0.733333 0.766667 0.800000 0.833333 0.866667 0.900000 0.933333 0.966667 1.000000 1.033333
1.066667 1.100000 1.133333 1.166667 1.200000 1.233333 1.266667 1.300000 1.333333 1.366667 1.400000 1.433333 1.466667 1.500000 1.533333 1.566667
1.600000 1.633333 1.666667 1.700000 1.733333 1.766667 1.800000 1.833333 1.866667 1.900000 1.933333 1.966667 2.000000 2.033333 2.066667 2.100000</float_array>
        <technique_common>
          <accessor source="#mixamorig1_Spine-Matrix-animation-input-array" count="64">
            <param name="TIME" type="float"/>
          </accessor>
        </technique_common>
      </source>
      <source id="mixamorig1_Spine-Matrix-animation-output-transform">
        <float_array id="mixamorig1_Spine-Matrix-animation-output-transform-array" count="1024">

0.999918 -0.010423 0.007388 0.000000 0.010206 0.999532 0.028849 9.717300 -0.007685 -0.028771 0.999556 -1.180200 0.000000 0.000000 0.000000 1.000000
0.999918 -0.010457 0.007354 0.000000 0.010242 0.999537 0.028647 9.717300 -0.007650 -0.028570 0.999563 -1.180200 0.000000 0.000000 0.000000 1.000000
0.999918 -0.010488 0.007306 0.000000 0.010277 0.999545 0.028341 9.717300 -0.007600 -0.028263 0.999572 -1.180200 0.000000 0.000000 0.000000 1.000000
0.999918 -0.010526 0.007254 0.000000 0.010319 0.999557 0.027932 9.717300 -0.007545 -0.027855 0.999584 -1.180200 0.000000 0.000000 0.000000 1.000000
0.999918 -0.010562 0.007187 0.000000 0.010362 0.999571 0.027406 9.717300 -0.007473 -0.027329 0.999599 -1.180200 0.000000 0.000000 0.000000 1.000000
0.999919 -0.010599 0.007115 -0.000000 0.010404 0.999585 0.026854 9.717300 -0.007397 -0.026778 0.999614 -1.180200 0.000000 0.000000 0.000000 1.000000
0.999919 -0.010632 0.007044 0.000000 0.010444 0.999602 0.026208 9.717300 -0.007320 -0.026133 0.999632 -1.180200 0.000000 0.000000 0.000000 1.000000
0.999919 -0.010659 0.006974 0.000000 0.010478 0.999621 0.025448 9.717300 -0.007243 -0.025373 0.999652 -1.180200 0.000000 0.000000 0.000000 1.000000
0.999919 -0.010688 0.006909 -0.000000 0.010515 0.999642 0.024595 9.717300 -0.007170 -0.024521 0.999674 -1.180200 0.000000 0.000000 0.000000 1.000000
0.999918 -0.010730 0.006956 0.000000 0.010562 0.999662 0.023752 9.717300 -0.007208 -0.023677 0.999694 -1.180200 0.000000 0.000000 0.000000 1.000000
0.999917 -0.010775 0.007035 0.000000 0.010612 0.999684 0.022792 9.717300 -0.007278 -0.022716 0.999715 -1.180200 0.000000 0.000000 0.000000 1.000000
0.999916 -0.010816 0.007115 -0.000000 0.010659 0.999705 0.021828 9.717300 -0.007349 -0.021750 0.999736 -1.180200 0.000000 0.000000 0.000000 1.000000
0.999915 -0.010842 0.007209 0.000000 0.010690 0.999727 0.020772 9.717300 -0.007432 -0.020694 0.999758 -1.180200 0.000000 0.000000 0.000000 1.000000
0.999915 -0.010740 0.007331 0.000000 0.010594 0.999751 0.019661 9.717300 -0.007540 -0.019582 0.999780 -1.180200 0.000000 0.000000 0.000000 1.000000
0.999916 -0.010631 0.007473 0.000000 0.010491 0.999773 0.018562 9.717300 -0.007669 -0.018482 0.999800 -1.180200 0.000000 0.000000 0.000000 1.000000
0.999916 -0.010514 0.007643 -0.000000 0.010379 0.999795 0.017413 9.717300 -0.007825 -0.017332 0.999819 -1.180200 0.000000 0.000000 0.000000 1.000000
0.999915 -0.010391 0.007813 0.000000 0.010263 0.999816 0.016182 9.717300 -0.007980 -0.016100 0.999839 -1.180200 0.000000 0.000000 0.000000 1.000000
0.999915 -0.010263 0.007991 0.000000 0.010143 0.999837 0.014961 9.717300 -0.008143 -0.014879 0.999856 -1.180200 0.000000 0.000000 0.000000 1.000000
0.999915 -0.010131 0.008179 0.000000 0.010018 0.999855 0.013758 9.717300 -0.008317 -0.013675 0.999872 -1.180200 0.000000 0.000000 0.000000 1.000000
0.999915 -0.009994 0.008368 -0.000000 0.009889 0.999873 0.012504 9.717300 -0.008492 -0.012420 0.999887 -1.180200 0.000000 0.000000 0.000000 1.000000
0.999915 -0.009834 0.008607 -0.000000 0.009738 0.999891 0.011102 9.717300 -0.008715 -0.011017 0.999901 -1.180200 0.000000 0.000000 0.000000 1.000000
0.999914 -0.009644 0.008919 0.000000 0.009559 0.999910 0.009450 9.717300 -0.009010 -0.009364 0.999916 -1.180200 0.000000 0.000000 0.000000 1.000000
0.999913 -0.009436 0.009257 0.000000 0.009365 0.999926 0.007717 9.717300 -0.009329 -0.007629 0.999927 -1.180200 0.000000 0.000000 0.000000 1.000000
0.999911 -0.009223 0.009630 0.000000 0.009166 0.999940 0.005936 9.717300 -0.009684 -0.005847 0.999936 -1.180200 0.000000 0.000000 0.000000 1.000000
0.999909 -0.009007 0.009999 -0.000000 0.008965 0.999951 0.004261 9.717300 -0.010037 -0.004171 0.999941 -1.180200 0.000000 0.000000 0.000000 1.000000
0.999907 -0.008792 0.010399 0.000000 0.008766 0.999958 0.002564 9.717300 -0.010421 -0.002473 0.999943 -1.180200 0.000000 0.000000 0.000000 1.000000
0.999905 -0.008576 0.010818 -0.000000 0.008566 0.999963 0.000908 9.717300 -0.010825 -0.000815 0.999941 -1.180200 0.000000 0.000000 0.000000 1.000000
0.999902 -0.008364 0.011214 0.000000 0.008372 0.999965 -0.000654 9.717300 -0.011208 0.000747 0.999937 -1.180200 0.000000 0.000000 0.000000 1.000000
0.999899 -0.008161 0.011623 0.000000 0.008187 0.999964 -0.002146 9.717300 -0.011605 0.002241 0.999930 -1.180200 0.000000 0.000000 0.000000 1.000000
0.999896 -0.007963 0.012037 0.000000 0.008007 0.999962 -0.003539 9.717300 -0.012009 0.003635 0.999921 -1.180200 0.000000 0.000000 0.000000 1.000000
0.999892 -0.007773 0.012435 0.000000 0.007833 0.999958 -0.004822 9.717300 -0.012397 0.004919 0.999911 -1.180200 0.000000 0.000000 0.000000 1.000000
0.999889 -0.007598 0.012805 0.000000 0.007675 0.999953 -0.005980 9.717300 -0.012759 0.006078 0.999900 -1.180200 0.000000 0.000000 0.000000 1.000000
0.999885 -0.007453 0.013175 0.000000 0.007546 0.999947 -0.007004 9.717300 -0.013123 0.007103 0.999889 -1.180200 0.000000 0.000000 0.000000 1.000000
0.999882 -0.007332 0.013523 0.000000 0.007440 0.999941 -0.007906 9.717300 -0.013464 0.008006 0.999877 -1.180200 0.000000 0.000000 0.000000 1.000000
0.999878 -0.007232 0.013844 0.000000 0.007352 0.999936 -0.008641 9.717300 -0.013780 0.008742 0.999867 -1.180200 0.000000 0.000000 0.000000 1.000000
0.999875 -0.007141 0.014125 -0.000000 0.007271 0.999931 -0.009206 9.717300 -0.014058 0.009308 0.999858 -1.180200 0.000000 0.000000 0.000000 1.000000
0.999872 -0.007059 0.014344 0.000000 0.007197 0.999928 -0.009561 9.717300 -0.014275 0.009663 0.999851 -1.180200 0.000000 0.000000 0.000000 1.000000
0.999870 -0.006993 0.014538 0.000000 0.007135 0.999927 -0.009711 9.717300 -0.014469 0.009814 0.999847 -1.180200 0.000000 0.000000 0.000000 1.000000
0.999868 -0.006940 0.014673 0.000000 0.007081 0.999929 -0.009624 9.717300 -0.014606 0.009727 0.999846 -1.180200 0.000000 0.000000 0.000000 1.000000
0.999867 -0.006905 0.014794 0.000000 0.007043 0.999932 -0.009296 9.717300 -0.014729 0.009399 0.999847 -1.180200 0.000000 0.000000 0.000000 1.000000
0.999865 -0.006907 0.014888 0.000000 0.007038 0.999937 -0.008751 9.717300 -0.014827 0.008854 0.999851 -1.180200 0.000000 0.000000 0.000000 1.000000
0.999865 -0.006952 0.014921 -0.000000 0.007072 0.999943 -0.008023 9.717300 -0.014865 0.008127 0.999856 -1.180200 0.000000 0.000000 0.000000 1.000000
0.999865 -0.007029 0.014883 -0.000000 0.007134 0.999950 -0.007046 9.717300 -0.014833 0.007152 0.999864 -1.180200 0.000000 0.000000 0.000000 1.000000
0.999865 -0.007116 0.014780 0.000000 0.007204 0.999956 -0.005933 9.717300 -0.014737 0.006039 0.999873 -1.180200 0.000000 0.000000 0.000000 1.000000
0.999867 -0.007211 0.014638 0.000000 0.007282 0.999962 -0.004752 9.717300 -0.014603 0.004858 0.999882 -1.180200 0.000000 0.000000 0.000000 1.000000
0.999869 -0.007336 0.014459 0.000000 0.007385 0.999967 -0.003390 9.717300 -0.014433 0.003497 0.999890 -1.180200 0.000000 0.000000 0.000000 1.000000
0.999871 -0.007499 0.014199 -0.000000 0.007525 0.999970 -0.001723 9.717300 -0.014185 0.001830 0.999898 -1.180200 0.000000 0.000000 0.000000 1.000000
0.999874 -0.007704 0.013878 0.000000 0.007701 0.999970 0.000246 9.717300 -0.013880 -0.000139 0.999904 -1.180200 0.000000 0.000000 0.000000 1.000000
0.999877 -0.007932 0.013509 0.000000 0.007900 0.999966 0.002391 9.717300 -0.013528 -0.002284 0.999906 -1.180200 0.000000 0.000000 0.000000 1.000000
0.999881 -0.008172 0.013092 0.000000 0.008112 0.999956 0.004615 9.717300 -0.013129 -0.004508 0.999904 -1.180200 0.000000 0.000000 0.000000 1.000000
0.999885 -0.008422 0.012634 0.000000 0.008336 0.999942 0.006877 9.717300 -0.012692 -0.006771 0.999897 -1.180200 0.000000 0.000000 0.000000 1.000000
0.999888 -0.008681 0.012165 0.000000 0.008570 0.999921 0.009185 9.717300 -0.012244 -0.009080 0.999884 -1.180200 0.000000 0.000000 0.000000 1.000000
0.999892 -0.008949 0.011679 0.000000 0.008814 0.999895 0.011541 9.717300 -0.011781 -0.011437 0.999865 -1.180200 0.000000 0.000000 0.000000 1.000000
0.999895 -0.009217 0.011179 0.000000 0.009062 0.999864 0.013805 9.717300 -0.011305 -0.013702 0.999842 -1.180200 0.000000 0.000000 0.000000 1.000000
0.999898 -0.009482 0.010676 0.000000 0.009310 0.999828 0.016048 9.717300 -0.010827 -0.015947 0.999814 -1.180200 0.000000 0.000000 0.000000 1.000000
0.999901 -0.009742 0.010175 0.000000 0.009556 0.999789 0.018205 9.717300 -0.010351 -0.018106 0.999782 -1.180200 0.000000 0.000000 0.000000 1.000000
0.999903 -0.009999 0.009675 -0.000000 0.009801 0.999746 0.020300 9.717300 -0.009875 -0.020203 0.999747 -1.180200 0.000000 0.000000 0.000000 1.000000
0.999905 -0.010246 0.009203 0.000000 0.010040 0.999704 0.022176 9.717300 -0.009428 -0.022082 0.999712 -1.180200 0.000000 0.000000 0.000000 1.000000
0.999907 -0.010466 0.008753 0.000000 0.010254 0.999662 0.023897 9.717300 -0.009000 -0.023805 0.999676 -1.180200 0.000000 0.000000 0.000000 1.000000
0.999909 -0.010641 0.008338 0.000000 0.010425 0.999622 0.025447 9.717300 -0.008606 -0.025358 0.999641 -1.180200 0.000000 0.000000 0.000000 1.000000
0.999910 -0.010767 0.007953 0.000000 0.010551 0.999588 0.026707 9.717300 -0.008237 -0.026620 0.999612 -1.180200 0.000000 0.000000 0.000000 1.000000
0.999912 -0.010868 0.007613 0.000000 0.010653 0.999558 0.027744 9.717300 -0.007911 -0.027660 0.999586 -1.180200 0.000000 0.000000 0.000000 1.000000
0.999912 -0.010929 0.007512 0.000000 0.010711 0.999537 0.028462 9.717300 -0.007820 -0.028379 0.999567 -1.180200 0.000000 0.000000 0.000000 1.000000
0.999916 -0.010655 0.007413 -0.000000 0.010437 0.999530 0.028814 9.717300 -0.007716 -0.028735 0.999557 -1.180200 0.000000 0.000000 0.000000 1.000000</float_array>
        <technique_common>
          <accessor source="#mixamorig1_Spine-Matrix-animation-output-transform-array" count="64" stride="16">
            <param type="float4x4"/>
          </accessor>
        </technique_common>
      </source>
      <source id="mixamorig1_Spine-Interpolations">
        <Name_array id="mixamorig1_Spine-Interpolations-array" count="64">
 LINEAR LINEAR LINEAR LINEAR LINEAR LINEAR LINEAR LINEAR LINEAR LINEAR LINEAR
LINEAR LINEAR LINEAR LINEAR LINEAR LINEAR LINEAR LINEAR LINEAR LINEAR LINEAR LINEAR
LINEAR LINEAR LINEAR LINEAR LINEAR LINEAR LINEAR LINEAR LINEAR LINEAR LINEAR LINEAR
LINEAR LINEAR LINEAR LINEAR LINEAR LINEAR LINEAR LINEAR LINEAR LINEAR LINEAR LINEAR
LINEAR LINEAR LINEAR LINEAR LINEAR LINEAR LINEAR LINEAR LINEAR LINEAR LINEAR LINEAR
LINEAR LINEAR LINEAR LINEAR LINEAR</Name_array>
        <technique_common>
          <accessor source="#mixamorig1_Spine-Interpolations-array" count="64">
            <param type="name"/>
          </accessor>
        </technique_common>
      </source>
      <sampler id="mixamorig1_Spine-Matrix-animation-transform">
        <input semantic="INPUT" source="#mixamorig1_Spine-Matrix-animation-input"/>
        <input semantic="OUTPUT" source="#mixamorig1_Spine-Matrix-animation-output-transform"/>
        <input semantic="INTERPOLATION" source="#mixamorig1_Spine-Interpolations"/>
      </sampler>
      <channel source="#mixamorig1_Spine-Matrix-animation-transform" target="mixamorig1_Spine/matrix"/>
    </animation>
    <animation id="mixamorig1_Spine1-anim" name="mixamorig1_Spine1">
      <source id="mixamorig1_Spine1-Matrix-animation-input">
        <float_array id="mixamorig1_Spine1-Matrix-animation-input-array" count="64">

0.000000 0.033333 0.066667 0.100000 0.133333 0.166667 0.200000 0.233333 0.266667 0.300000 0.333333 0.366667 0.400000 0.433333 0.466667 0.500000
0.533333 0.566667 0.600000 0.633333 0.666667 0.700000 0.733333 0.766667 0.800000 0.833333 0.866667 0.900000 0.933333 0.966667 1.000000 1.033333
1.066667 1.100000 1.133333 1.166667 1.200000 1.233333 1.266667 1.300000 1.333333 1.366667 1.400000 1.433333 1.466667 1.500000 1.533333 1.566667
1.600000 1.633333 1.666667 1.700000 1.733333 1.766667 1.800000 1.833333 1.866667 1.900000 1.933333 1.966667 2.000000 2.033333 2.066667 2.100000</float_array>
        <technique_common>
          <accessor source="#mixamorig1_Spine1-Matrix-animation-input-array" count="64">
            <param name="TIME" type="float"/>
          </accessor>
        </technique_common>
      </source>
      <source id="mixamorig1_Spine1-Matrix-animation-output-transform">
        <float_array id="mixamorig1_Spine1-Matrix-animation-output-transform-array" count="1024">

0.999795 -0.007548 0.018781 0.000000 0.009123 0.996316 -0.085277 11.420100 -0.018068 0.085431 0.996180 0.000000 0.000000 0.000000 0.000000 1.000000
0.999798 -0.007333 0.018720 0.000000 0.008899 0.996342 -0.084986 11.420100 -0.018028 0.085135 0.996206 0.000000 0.000000 0.000000 0.000000 1.000000
0.999801 -0.007155 0.018634 -0.000000 0.008709 0.996367 -0.084718 11.420100 -0.017960 0.084864 0.996231 0.000000 0.000000 0.000000 0.000000 1.000000
0.999803 -0.007025 0.018538 0.000000 0.008568 0.996386 -0.084503 11.420100 -0.017877 0.084646 0.996251 0.000000 0.000000 0.000000 0.000000 1.000000
0.999806 -0.006955 0.018408 0.000000 0.008485 0.996401 -0.084344 11.420100 -0.017755 0.084484 0.996267 -0.000000 0.000000 0.000000 0.000000 1.000000
0.999809 -0.006930 0.018268 0.000000 0.008447 0.996401 -0.084339 11.420100 -0.017618 0.084477 0.996270 0.000000 0.000000 0.000000 0.000000 1.000000
0.999812 -0.006931 0.018130 -0.000000 0.008437 0.996399 -0.084371 11.420100 -0.017480 0.084508 0.996269 -0.000000 0.000000 0.000000 0.000000 1.000000
0.999814 -0.006968 0.017991 0.000000 0.008463 0.996396 -0.084403 11.420100 -0.017338 0.084540 0.996269 0.000000 0.000000 0.000000 0.000000 1.000000
0.999816 -0.007055 0.017859 0.000000 0.008540 0.996390 -0.084464 11.420100 -0.017199 0.084601 0.996266 0.000000 0.000000 0.000000 0.000000 1.000000
0.999818 -0.007201 0.017694 -0.000000 0.008676 0.996367 -0.084717 11.420100 -0.017020 0.084855 0.996248 0.000000 0.000000 0.000000 0.000000 1.000000
0.999818 -0.007398 0.017566 0.000000 0.008864 0.996348 -0.084922 11.420100 -0.016874 0.085062 0.996233 -0.000000 0.000000 0.000000 0.000000 1.000000
0.999819 -0.007633 0.017410 0.000000 0.009091 0.996317 -0.085266 11.420100 -0.016695 0.085409 0.996206 0.000000 0.000000 0.000000 0.000000 1.000000
0.999818 -0.007892 0.017365 0.000000 0.009351 0.996285 -0.085604 11.420100 -0.016625 0.085751 0.996178 -0.000000 0.000000 0.000000 0.000000 1.000000
0.999816 -0.008186 0.017359 -0.000000 0.009649 0.996251 -0.085969 11.420100 -0.016590 0.086120 0.996147 -0.000000 0.000000 0.000000 0.000000 1.000000
0.999813 -0.008512 0.017372 0.000000 0.009983 0.996206 -0.086457 11.420100 -0.016570 0.086615 0.996104 0.000000 0.000000 0.000000 0.000000 1.000000
0.999809 -0.008872 0.017433 -0.000000 0.010356 0.996157 -0.086971 11.420100 -0.016594 0.087134 0.996058 -0.000000 0.000000 0.000000 0.000000 1.000000
0.999804 -0.009256 0.017477 0.000000 0.010751 0.996109 -0.087472 11.420100 -0.016599 0.087643 0.996014 0.000000 0.000000 0.000000 0.000000 1.000000
0.999800 -0.009661 0.017533 0.000000 0.011169 0.996054 -0.088045 11.420100 -0.016614 0.088223 0.995962 -0.000000 0.000000 0.000000 0.000000 1.000000
0.999794 -0.010079 0.017615 0.000000 0.011603 0.995995 -0.088656 11.420100 -0.016650 0.088842 0.995907 0.000000 0.000000 0.000000 0.000000 1.000000
0.999788 -0.010519 0.017690 0.000000 0.012058 0.995933 -0.089283 11.420100 -0.016678 0.089478 0.995849 0.000000 0.000000 0.000000 0.000000 1.000000
0.999780 -0.011032 0.017834 0.000000 0.012594 0.995861 -0.090011 11.420100 -0.016767 0.090216 0.995781 0.000000 0.000000 0.000000 0.000000 1.000000
0.999769 -0.011647 0.018059 0.000000 0.013241 0.995780 -0.090814 11.420100 -0.016925 0.091032 0.995704 0.000000 0.000000 0.000000 0.000000 1.000000
0.999757 -0.012326 0.018301 0.000000 0.013956 0.995678 -0.091819 11.420100 -0.017090 0.092052 0.995608 -0.000000 0.000000 0.000000 0.000000 1.000000
0.999742 -0.013029 0.018613 0.000000 0.014702 0.995578 -0.092785 11.420100 -0.017322 0.093034 0.995512 0.000000 0.000000 0.000000 0.000000 1.000000
0.999727 -0.013732 0.018930 0.000000 0.015451 0.995466 -0.093857 11.420100 -0.017555 0.094124 0.995406 0.000000 0.000000 0.000000 0.000000 1.000000
0.999709 -0.014437 0.019315 0.000000 0.016206 0.995362 -0.094826 11.420100 -0.017857 0.095111 0.995306 0.000000 0.000000 0.000000 0.000000 1.000000
0.999690 -0.015146 0.019751 0.000000 0.016971 0.995257 -0.095792 11.420100 -0.018206 0.096098 0.995205 0.000000 0.000000 0.000000 0.000000 1.000000
0.999671 -0.015841 0.020161 -0.000000 0.017722 0.995144 -0.096825 11.420100 -0.018529 0.097151 0.995097 -0.000000 0.000000 0.000000 0.000000 1.000000
0.999651 -0.016524 0.020611 0.000000 0.018464 0.995034 -0.097804 11.420100 -0.018893 0.098151 0.994992 0.000000 0.000000 0.000000 0.000000 1.000000
0.999630 -0.017190 0.021102 0.000000 0.019194 0.994926 -0.098757 11.420100 -0.019298 0.099125 0.994888 -0.000000 0.000000 0.000000 0.000000 1.000000
0.999608 -0.017828 0.021577 -0.000000 0.019894 0.994820 -0.099688 11.420100 -0.019688 0.100078 0.994785 0.000000 0.000000 0.000000 0.000000 1.000000
0.999587 -0.018431 0.022037 0.000000 0.020559 0.994715 -0.100590 11.420100 -0.020066 0.101002 0.994684 0.000000 0.000000 0.000000 0.000000 1.000000
0.999566 -0.019000 0.022520 0.000000 0.021192 0.994617 -0.101434 11.420100 -0.020472 0.101867 0.994587 0.000000 0.000000 0.000000 0.000000 1.000000
0.999545 -0.019529 0.022998 -0.000000 0.021782 0.994527 -0.102184 11.420100 -0.020877 0.102638 0.994500 0.000000 0.000000 0.000000 0.000000 1.000000
0.999525 -0.020005 0.023462 0.000000 0.022318 0.994445 -0.102863 11.420100 -0.021274 0.103338 0.994419 0.000000 0.000000 0.000000 0.000000 1.000000
0.999505 -0.020426 0.023912 -0.000000 0.022796 0.994371 -0.103468 11.420100 -0.021664 0.103962 0.994345 0.000000 0.000000 0.000000 0.000000 1.000000
0.999488 -0.020782 0.024310 0.000000 0.023204 0.994305 -0.104016 11.420100 -0.022009 0.104527 0.994279 -0.000000 0.000000 0.000000 0.000000 1.000000
0.999472 -0.021079 0.024712 -0.000000 0.023552 0.994253 -0.104432 11.420100 -0.022369 0.104959 0.994225 0.000000 0.000000 0.000000 0.000000 1.000000
0.999461 -0.021297 0.024997 0.000000 0.023806 0.994210 -0.104787 11.420100 -0.022620 0.105325 0.994181 0.000000 0.000000 0.000000 0.000000 1.000000
0.999451 -0.021440 0.025258 0.000000 0.023982 0.994178 -0.105043 11.420100 -0.022859 0.105591 0.994147 0.000000 0.000000 0.000000 0.000000 1.000000
0.999444 -0.021496 0.025506 -0.000000 0.024065 0.994166 -0.105145 11.420100 -0.023097 0.105700 0.994130 0.000000 0.000000 0.000000 0.000000 1.000000
0.999439 -0.021452 0.025725 0.000000 0.024042 0.994179 -0.105029 11.420100 -0.023322 0.105588 0.994136 0.000000 0.000000 0.000000 0.000000 1.000000
0.999438 -0.021311 0.025894 -0.000000 0.023916 0.994200 -0.104857 11.420100 -0.023510 0.105417 0.994150 0.000000 0.000000 0.000000 0.000000 1.000000
0.999439 -0.021103 0.026003 0.000000 0.023715 0.994228 -0.104631 11.420100 -0.023645 0.105189 0.994171 0.000000 0.000000 0.000000 0.000000 1.000000
0.999443 -0.020846 0.026056 0.000000 0.023457 0.994270 -0.104296 11.420100 -0.023732 0.104849 0.994205 0.000000 0.000000 0.000000 0.000000 1.000000
0.999450 -0.020514 0.026057 0.000000 0.023115 0.994327 -0.103829 11.420100 -0.023780 0.104374 0.994254 -0.000000 0.000000 0.000000 0.000000 1.000000
0.999462 -0.020060 0.025948 0.000000 0.022638 0.994402 -0.103206 11.420100 -0.023733 0.103737 0.994322 0.000000 0.000000 0.000000 0.000000 1.000000
0.999478 -0.019481 0.025767 0.000000 0.022024 0.994500 -0.102400 11.420100 -0.023631 0.102914 0.994410 0.000000 0.000000 0.000000 0.000000 1.000000
0.999497 -0.018815 0.025527 -0.000000 0.021315 0.994611 -0.101461 11.420100 -0.023480 0.101954 0.994512 0.000000 0.000000 0.000000 0.000000 1.000000
0.999518 -0.018090 0.025231 0.000000 0.020538 0.994732 -0.100429 11.420100 -0.023281 0.100898 0.994624 0.000000 0.000000 0.000000 0.000000 1.000000
0.999541 -0.017312 0.024856 0.000000 0.019701 0.994860 -0.099321 11.420100 -0.023008 0.099765 0.994745 0.000000 0.000000 0.000000 0.000000 1.000000
0.999565 -0.016497 0.024450 -0.000000 0.018823 0.994993 -0.098156 11.420100 -0.022708 0.098574 0.994871 0.000000 0.000000 0.000000 0.000000 1.000000
0.999589 -0.015651 0.024018 0.000000 0.017911 0.995124 -0.096995 11.420100 -0.022383 0.097385 0.994995 0.000000 0.000000 0.000000 0.000000 1.000000
0.999613 -0.014785 0.023548 -0.000000 0.016975 0.995265 -0.095704 11.420100 -0.022021 0.096067 0.995131 0.000000 0.000000 0.000000 0.000000 1.000000
0.999637 -0.013913 0.023053 0.000000 0.016032 0.995400 -0.094453 11.420100 -0.021633 0.094788 0.995262 0.000000 0.000000 0.000000 0.000000 1.000000
0.999661 -0.013044 0.022548 -0.000000 0.015092 0.995533 -0.093201 11.420100 -0.021231 0.093509 0.995392 0.000000 0.000000 0.000000 0.000000 1.000000
0.999683 -0.012188 0.022015 0.000000 0.014166 0.995653 -0.092054 11.420100 -0.020798 0.092337 0.995511 -0.000000 0.000000 0.000000 0.000000 1.000000
0.999704 -0.011360 0.021510 0.000000 0.013269 0.995779 -0.090824 11.420100 -0.020387 0.091082 0.995635 0.000000 0.000000 0.000000 0.000000 1.000000
0.999724 -0.010570 0.021002 0.000000 0.012414 0.995894 -0.089675 11.420100 -0.019968 0.089911 0.995750 0.000000 0.000000 0.000000 0.000000 1.000000
0.999741 -0.009826 0.020504 0.000000 0.011607 0.995997 -0.088626 11.420100 -0.019551 0.088841 0.995854 0.000000 0.000000 0.000000 0.000000 1.000000
0.999758 -0.009139 0.020010 0.000000 0.010859 0.996098 -0.087587 11.420100 -0.019131 0.087783 0.995956 -0.000000 0.000000 0.000000 0.000000 1.000000
0.999772 -0.008529 0.019553 0.000000 0.010195 0.996179 -0.086736 11.420100 -0.018739 0.086916 0.996039 0.000000 0.000000 0.000000 0.000000 1.000000
0.999785 -0.008003 0.019144 -0.000000 0.009620 0.996255 -0.085929 11.420100 -0.018385 0.086095 0.996117 0.000000 0.000000 0.000000 0.000000 1.000000
0.999796 -0.007553 0.018746 0.000000 0.009125 0.996317 -0.085262 11.420100 -0.018033 0.085416 0.996182 -0.000000 0.000000 0.000000 0.000000 1.000000</float_array>
        <technique_common>
          <accessor source="#mixamorig1_Spine1-Matrix-animation-output-transform-array" count="64" stride="16">
            <param type="float4x4"/>
          </accessor>
        </technique_common>
      </source>
      <source id="mixamorig1_Spine1-Interpolations">
        <Name_array id="mixamorig1_Spine1-Interpolations-array" count="64">
 LINEAR LINEAR LINEAR LINEAR LINEAR LINEAR LINEAR LINEAR LINEAR LINEAR LINEAR
LINEAR LINEAR LINEAR LINEAR LINEAR LINEAR LINEAR LINEAR LINEAR LINEAR LINEAR LINEAR
LINEAR LINEAR LINEAR LINEAR LINEAR LINEAR LINEAR LINEAR LINEAR LINEAR LINEAR LINEAR
LINEAR LINEAR LINEAR LINEAR LINEAR LINEAR LINEAR LINEAR LINEAR LINEAR LINEAR LINEAR
LINEAR LINEAR LINEAR LINEAR LINEAR LINEAR LINEAR LINEAR LINEAR LINEAR LINEAR LINEAR
LINEAR LINEAR LINEAR LINEAR LINEAR</Name_array>
        <technique_common>
          <accessor source="#mixamorig1_Spine1-Interpolations-array" count="64">
            <param type="name"/>
          </accessor>
        </technique_common>
      </source>
      <sampler id="mixamorig1_Spine1-Matrix-animation-transform">
        <input semantic="INPUT" source="#mixamorig1_Spine1-Matrix-animation-input"/>
        <input semantic="OUTPUT" source="#mixamorig1_Spine1-Matrix-animation-output-transform"/>
        <input semantic="INTERPOLATION" source="#mixamorig1_Spine1-Interpolations"/>
      </sampler>
      <channel source="#mixamorig1_Spine1-Matrix-animation-transform" target="mixamorig1_Spine1/matrix"/>
    </animation>
    <animation id="mixamorig1_Spine2-anim" name="mixamorig1_Spine2">
      <source id="mixamorig1_Spine2-Matrix-animation-input">
        <float_array id="mixamorig1_Spine2-Matrix-animation-input-array" count="64">

0.000000 0.033333 0.066667 0.100000 0.133333 0.166667 0.200000 0.233333 0.266667 0.300000 0.333333 0.366667 0.400000 0.433333 0.466667 0.500000
0.533333 0.566667 0.600000 0.633333 0.666667 0.700000 0.733333 0.766667 0.800000 0.833333 0.866667 0.900000 0.933333 0.966667 1.000000 1.033333
1.066667 1.100000 1.133333 1.166667 1.200000 1.233333 1.266667 1.300000 1.333333 1.366667 1.400000 1.433333 1.466667 1.500000 1.533333 1.566667
1.600000 1.633333 1.666667 1.700000 1.733333 1.766667 1.800000 1.833333 1.866667 1.900000 1.933333 1.966667 2.000000 2.033333 2.066667 2.100000</float_array>
        <technique_common>
          <accessor source="#mixamorig1_Spine2-Matrix-animation-input-array" count="64">
            <param name="TIME" type="float"/>
          </accessor>
        </technique_common>
      </source>
      <source id="mixamorig1_Spine2-Matrix-animation-output-transform">
        <float_array id="mixamorig1_Spine2-Matrix-animation-output-transform-array" count="1024">

0.999836 -0.002755 0.017889 0.000000 0.005352 0.989150 -0.146813 13.051600 -0.017290 0.146885 0.989002 0.000000 0.000000 0.000000 0.000000 1.000000
0.999842 -0.003076 0.017510 0.000000 0.005597 0.989291 -0.145851 13.051600 -0.016874 0.145926 0.989152 -0.000000 0.000000 0.000000 0.000000 1.000000
0.999847 -0.003373 0.017137 0.000000 0.005823 0.989421 -0.144959 13.051600 -0.016466 0.145037 0.989289 0.000000 0.000000 0.000000 0.000000 1.000000
0.999853 -0.003633 0.016784 0.000000 0.006016 0.989534 -0.144174 13.051600 -0.016085 0.144254 0.989410 0.000000 0.000000 0.000000 0.000000 1.000000
0.999857 -0.003856 0.016441 0.000000 0.006176 0.989631 -0.143500 13.051600 -0.015717 0.143581 0.989514 0.000000 0.000000 0.000000 0.000000 1.000000
0.999862 -0.004031 0.016140 0.000000 0.006299 0.989697 -0.143042 13.051600 -0.015397 0.143124 0.989585 -0.000000 0.000000 0.000000 0.000000 1.000000
0.999865 -0.004140 0.015904 -0.000000 0.006368 0.989746 -0.142700 13.051600 -0.015150 0.142782 0.989638 0.000000 0.000000 0.000000 0.000000 1.000000
0.999868 -0.004201 0.015722 -0.000000 0.006399 0.989782 -0.142444 13.051600 -0.014963 0.142525 0.989678 -0.000000 0.000000 0.000000 0.000000 1.000000
0.999870 -0.004228 0.015575 0.000000 0.006402 0.989803 -0.142301 13.051600 -0.014814 0.142382 0.989701 0.000000 0.000000 0.000000 0.000000 1.000000
0.999872 -0.004239 0.015416 -0.000000 0.006392 0.989784 -0.142435 13.051600 -0.014655 0.142515 0.989684 0.000000 0.000000 0.000000 0.000000 1.000000
0.999874 -0.004215 0.015320 0.000000 0.006357 0.989758 -0.142615 13.051600 -0.014562 0.142694 0.989660 0.000000 0.000000 0.000000 0.000000 1.000000
