<?xml version="1.0" encoding="utf-8"?>
<COLLADA xmlns="http://www.collada.org/2005/11/COLLADASchema" version="1.4.1">
  <asset>
    <contributor>
      <author>Mixamo</author>
      <authoring_tool>COLLADA Mixamo exporter</authoring_tool>
      <comments/>
    </contributor>
    <created>2026-03-17T18:15:58Z</created>
    <modified>2026-03-17T18:15:58Z</modified>
    <revision/>
    <title/>
    <unit meter="0.010000"/>
    <up_axis>Y_UP</up_axis>
  </asset>
  <library_animations>
    <animation id="mixamorig1_Hips-anim" name="mixamorig1_Hips">
      <source id="mixamorig1_Hips-Matrix-animation-input">
        <float_array id="mixamorig1_Hips-Matrix-animation-input-array" count="40">

0.000000 0.033333 0.066667 0.100000 0.133333 0.166667 0.200000 0.233333 0.266667 0.300000 0.333333 0.366667 0.400000 0.433333 0.466667 0.500000
0.533333 0.566667 0.600000 0.633333 0.666667 0.700000 0.733333 0.766667 0.800000 0.833333 0.866667 0.900000 0.933333 0.966667 1.000000 1.033333
1.066667 1.100000 1.133333 1.166667 1.200000 1.233333 1.266667 1.300000</float_array>
        <technique_common>
          <accessor source="#mixamorig1_Hips-Matrix-animation-input-array" count="40">
            <param name="TIME" type="float"/>
          </accessor>
        </technique_common>
      </source>
      <source id="mixamorig1_Hips-Matrix-animation-output-transform">
        <float_array id="mixamorig1_Hips-Matrix-animation-output-transform-array" count="640">

0.997739 -0.030865 0.059705 -0.054043 0.025909 0.996289 0.082079 99.236076 -0.062017 -0.080347 0.994836 0.464975 0.000000 0.000000 0.000000 1.000000
0.998118 -0.040489 0.046052 0.131350 0.036787 0.996229 0.078582 99.548515 -0.049060 -0.076740 0.995843 -0.006609 0.000000 0.000000 0.000000 1.000000
0.998310 -0.045578 0.036050 0.313544 0.042904 0.996498 0.071771 99.580795 -0.039195 -0.070103 0.996769 -0.525204 0.000000 0.000000 0.000000 1.000000
0.998420 -0.047651 0.029768 0.443173 0.045685 0.996932 0.063558 99.367027 -0.032706 -0.062098 0.997534 -0.910994 0.000000 0.000000 0.000000 1.000000
0.998667 -0.046816 0.021758 0.595218 0.045498 0.997306 0.057530 98.977715 -0.024393 -0.056463 0.998107 -1.250498 0.000000 0.000000 0.000000 1.000000
0.999042 -0.042850 0.008844 0.750467 0.042304 0.997603 0.054765 98.288025 -0.011169 -0.054339 0.998460 -1.252919 0.000000 0.000000 0.000000 1.000000
0.999234 -0.038748 -0.005467 0.921215 0.038978 0.997911 0.051521 97.533806 0.003459 -0.051695 0.998657 -1.141540 0.000000 0.000000 0.000000 1.000000
0.998991 -0.041313 -0.017641 1.213795 0.042124 0.997941 0.048373 96.810616 0.015606 -0.049067 0.998674 -0.919762 0.000000 0.000000 0.000000 1.000000
0.998544 -0.045526 -0.028934 1.551626 0.046811 0.997872 0.045400 96.048630 0.026806 -0.046688 0.998550 -0.628408 0.000000 0.000000 0.000000 1.000000
0.997895 -0.051323 -0.039631 1.921515 0.053012 0.997675 0.042819 95.307671 0.037342 -0.044830 0.998296 -0.290084 0.000000 0.000000 0.000000 1.000000
0.996994 -0.059039 -0.050177 2.309682 0.061113 0.997294 0.040855 94.619934 0.047629 -0.043799 0.997904 0.057747 0.000000 0.000000 0.000000 1.000000
0.995695 -0.069870 -0.060899 2.722461 0.072398 0.996560 0.040340 94.036400 0.057871 -0.044575 0.997328 0.434754 0.000000 0.000000 0.000000 1.000000
0.994305 -0.081521 -0.068636 3.186392 0.084507 0.995546 0.041792 93.664612 0.064924 -0.047354 0.996766 0.791486 0.000000 0.000000 0.000000 1.000000
0.993672 -0.089601 -0.067735 3.732749 0.092871 0.994579 0.046777 93.589409 0.063176 -0.052772 0.996606 0.993431 0.000000 0.000000 0.000000 1.000000
0.993266 -0.096283 -0.064443 4.268141 0.099706 0.993647 0.052193 93.901016 0.059009 -0.058267 0.996556 0.975950 0.000000 0.000000 0.000000 1.000000
0.993227 -0.100357 -0.058554 4.656247 0.103698 0.992967 0.057124 94.571098 0.052410 -0.062809 0.996649 0.758001 0.000000 0.000000 0.000000 1.000000
0.994381 -0.095674 -0.045304 4.913593 0.098426 0.993149 0.062992 95.556915 0.038967 -0.067097 0.996985 0.527666 0.000000 0.000000 0.000000 1.000000
0.995798 -0.086306 -0.030606 5.100324 0.088263 0.993652 0.069746 96.576118 0.024392 -0.072154 0.997095 0.237997 0.000000 0.000000 0.000000 1.000000
0.997111 -0.074837 -0.012993 5.244935 0.075591 0.994452 0.073156 97.450050 0.007446 -0.073926 0.997236 -0.038176 0.000000 0.000000 0.000000 1.000000
0.997822 -0.065492 0.007906 5.296388 0.064780 0.995435 0.070086 97.910187 -0.012460 -0.069421 0.997510 -0.486358 0.000000 0.000000 0.000000 1.000000
0.997991 -0.057149 0.027348 5.330455 0.055224 0.996249 0.066625 98.096649 -0.031053 -0.064981 0.997403 -0.898934 0.000000 0.000000 0.000000 1.000000
0.997801 -0.050191 0.043299 5.321588 0.047421 0.996899 0.062792 98.100922 -0.046317 -0.060600 0.997087 -1.328460 0.000000 0.000000 0.000000 1.000000
0.997471 -0.046992 0.053326 5.246557 0.043882 0.997348 0.058060 97.823608 -0.055913 -0.055573 0.996888 -1.707024 0.000000 0.000000 0.000000 1.000000
0.997068 -0.046862 0.060495 5.139467 0.043667 0.997634 0.053103 97.409599 -0.062841 -0.050305 0.996755 -1.976825 0.000000 0.000000 0.000000 1.000000
0.996428 -0.050236 0.067886 4.992693 0.046964 0.997696 0.048962 96.796524 -0.070189 -0.045599 0.996491 -2.077181 0.000000 0.000000 0.000000 1.000000
0.995343 -0.055883 0.078547 4.813817 0.052269 0.997511 0.047335 96.007469 -0.080996 -0.043009 0.995786 -1.910133 0.000000 0.000000 0.000000 1.000000
0.993730 -0.061177 0.093585 4.607390 0.056957 0.997264 0.047119 95.190895 -0.096211 -0.041494 0.994496 -1.592418 0.000000 0.000000 0.000000 1.000000
0.991655 -0.063309 0.112303 4.342065 0.058528 0.997254 0.045374 94.528160 -0.114867 -0.038422 0.992637 -1.263494 0.000000 0.000000 0.000000 1.000000
0.989762 -0.059255 0.129845 3.995017 0.053725 0.997510 0.045687 94.155029 -0.132229 -0.038244 0.990481 -0.879540 0.000000 0.000000 0.000000 1.000000
0.988747 -0.050138 0.140947 3.563150 0.043341 0.997764 0.050887 94.086784 -0.143183 -0.044206 0.988709 -0.427442 0.000000 0.000000 0.000000 1.000000
0.988243 -0.040061 0.147549 3.079105 0.031693 0.997776 0.058637 94.244423 -0.149570 -0.053272 0.987315 0.099173 0.000000 0.000000 0.000000 1.000000
0.988012 -0.029925 0.151451 2.576778 0.019894 0.997533 0.067317 94.541840 -0.153091 -0.063497 0.986170 0.633940 0.000000 0.000000 0.000000 1.000000
0.988539 -0.024034 0.149042 2.109189 0.012912 0.997089 0.075149 95.046051 -0.150414 -0.072364 0.985971 1.018724 0.000000 0.000000 0.000000 1.000000
0.989328 -0.020591 0.144246 1.650524 0.008690 0.996541 0.082652 95.523720 -0.145449 -0.080517 0.986084 1.340165 0.000000 0.000000 0.000000 1.000000
0.990285 -0.017749 0.137918 1.213917 0.005381 0.995969 0.089535 96.019737 -0.138951 -0.087923 0.986388 1.575242 0.000000 0.000000 0.000000 1.000000
0.991333 -0.013042 0.130723 0.815822 0.000506 0.995431 0.095479 96.507950 -0.131372 -0.094585 0.986811 1.679180 0.000000 0.000000 0.000000 1.000000
0.993002 -0.012357 0.117448 0.483859 0.000731 0.995134 0.098525 97.171646 -0.118094 -0.097750 0.988180 1.600121 0.000000 0.000000 0.000000 1.000000
0.995008 -0.016049 0.098497 0.216922 0.006517 0.995327 0.096342 97.949631 -0.099583 -0.095219 0.990463 1.369188 0.000000 0.000000 0.000000 1.000000
0.996722 -0.022628 0.077677 0.033281 0.015435 0.995641 0.091984 98.718018 -0.079420 -0.090484 0.992726 0.880555 0.000000 0.000000 0.000000 1.000000
0.997739 -0.030868 0.059700 -0.057230 0.025912 0.996289 0.082079 99.235924 -0.062012 -0.080347 0.994836 0.465021 0.000000 0.000000 0.000000 1.000000</float_array>
        <technique_common>
          <accessor source="#mixamorig1_Hips-Matrix-animation-output-transform-array" count="40" stride="16">
            <param type="float4x4"/>
          </accessor>
        </technique_common>
      </source>
      <source id="mixamorig1_Hips-Interpolations">
        <Name_array id="mixamorig1_Hips-Interpolations-array" count="40">
 LINEAR LINEAR LINEAR LINEAR LINEAR LINEAR LINEAR LINEAR LINEAR LINEAR LINEAR
LINEAR LINEAR LINEAR LINEAR LINEAR LINEAR LINEAR LINEAR LINEAR LINEAR LINEAR LINEAR
LINEAR LINEAR LINEAR LINEAR LINEAR LINEAR LINEAR LINEAR LINEAR LINEAR LINEAR LINEAR
LINEAR LINEAR LINEAR LINEAR LINEAR</Name_array>
        <technique_common>
          <accessor source="#mixamorig1_Hips-Interpolations-array" count="40">
            <param type="name"/>
          </accessor>
        </technique_common>
      </source>
      <sampler id="mixamorig1_Hips-Matrix-animation-transform">
        <input semantic="INPUT" source="#mixamorig1_Hips-Matrix-animation-input"/>
        <input semantic="OUTPUT" source="#mixamorig1_Hips-Matrix-animation-output-transform"/>
        <input semantic="INTERPOLATION" source="#mixamorig1_Hips-Interpolations"/>
      </sampler>
      <channel source="#mixamorig1_Hips-Matrix-animation-transform" target="mixamorig1_Hips/matrix"/>
    </animation>
    <animation id="mixamorig1_Spine-anim" name="mixamorig1_Spine">
      <source id="mixamorig1_Spine-Matrix-animation-input">
        <float_array id="mixamorig1_Spine-Matrix-animation-input-array" count="40">

0.000000 0.033333 0.066667 0.100000 0.133333 0.166667 0.200000 0.233333 0.266667 0.300000 0.333333 0.366667 0.400000 0.433333 0.466667 0.500000
0.533333 0.566667 0.600000 0.633333 0.666667 0.700000 0.733333 0.766667 0.800000 0.833333 0.866667 0.900000 0.933333 0.966667 1.000000 1.033333
1.066667 1.100000 1.133333 1.166667 1.200000 1.233333 1.266667 1.300000</float_array>
        <technique_common>
          <accessor source="#mixamorig1_Spine-Matrix-animation-input-array" count="40">
            <param name="TIME" type="float"/>
          </accessor>
        </technique_common>
      </source>
      <source id="mixamorig1_Spine-Matrix-animation-output-transform">
        <float_array id="mixamorig1_Spine-Matrix-animation-output-transform-array" count="640">

0.995798 -0.010964 -0.090914 0.000000 0.007738 0.999330 -0.035760 9.717300 0.091245 0.034906 0.995217 -1.180200 0.000000 0.000000 0.000000 1.000000
0.996742 -0.003722 -0.080572 0.000000 0.001015 0.999435 -0.033609 9.717300 0.080652 0.033417 0.996182 -1.180200 0.000000 0.000000 0.000000 1.000000
0.997334 -0.000284 -0.072965 0.000000 -0.001843 0.999575 -0.029076 9.717300 0.072942 0.029133 0.996911 -1.180200 0.000000 0.000000 0.000000 1.000000
0.997433 0.002304 -0.071562 0.000000 -0.003964 0.999726 -0.023059 9.717300 0.071490 0.023284 0.997170 -1.180200 0.000000 0.000000 0.000000 1.000000
0.997531 0.002674 -0.070179 0.000000 -0.003932 0.999834 -0.017790 9.717300 0.070119 0.018022 0.997376 -1.180200 0.000000 0.000000 0.000000 1.000000
0.998268 0.001623 -0.058802 0.000000 -0.002137 0.999960 -0.008689 9.717300 0.058786 0.008800 0.998232 -1.180200 0.000000 0.000000 0.000000 1.000000
0.999087 0.000893 -0.042717 -0.000000 -0.000780 0.999996 0.002682 9.717300 0.042719 -0.002647 0.999084 -1.180200 0.000000 0.000000 0.000000 1.000000
0.999622 0.006621 -0.026701 0.000000 -0.006371 0.999935 0.009461 9.717300 0.026762 -0.009287 0.999599 -1.180200 0.000000 0.000000 0.000000 1.000000
0.999845 0.013902 -0.010795 -0.000000 -0.013750 0.999807 0.014028 9.717300 0.010988 -0.013877 0.999843 -1.180200 0.000000 0.000000 0.000000 1.000000
0.999732 0.022743 0.004259 0.000000 -0.022811 0.999599 0.016781 9.717300 -0.003876 -0.016874 0.999850 -1.180200 0.000000 0.000000 0.000000 1.000000
0.999277 0.033554 0.017890 0.000000 -0.033879 0.999261 0.018139 9.717300 -0.017268 -0.018732 0.999675 -1.180200 0.000000 0.000000 0.000000 1.000000
0.998462 0.047673 0.028312 0.000000 -0.048176 0.998688 0.017376 9.717300 -0.027447 -0.018713 0.999448 -1.180200 0.000000 0.000000 0.000000 1.000000
0.997567 0.061382 0.033054 -0.000000 -0.061860 0.997992 0.013632 9.717300 -0.032151 -0.015644 0.999361 -1.180200 0.000000 0.000000 0.000000 1.000000
0.997360 0.067371 0.027096 0.000000 -0.067545 0.997701 0.005555 9.717300 -0.026659 -0.007370 0.999617 -1.180200 0.000000 0.000000 0.000000 1.000000
0.997507 0.069312 0.013250 0.000000 -0.069294 0.997595 -0.001788 9.717300 -0.013342 0.000865 0.999911 -1.180200 0.000000 0.000000 0.000000 1.000000
0.997567 0.069704 -0.001445 -0.000000 -0.069711 0.997551 -0.005696 9.717300 0.001045 0.005783 0.999983 -1.180200 0.000000 0.000000 0.000000 1.000000
0.997892 0.062172 -0.018630 0.000000 -0.062344 0.998016 -0.008838 9.717300 0.018044 0.009981 0.999787 -1.180200 0.000000 0.000000 0.000000 1.000000
0.997982 0.049741 -0.039471 0.000000 -0.050297 0.998647 -0.013218 9.717300 0.038760 0.015177 0.999133 -1.180200 0.000000 0.000000 0.000000 1.000000
0.997268 0.036040 -0.064473 0.000000 -0.037091 0.999197 -0.015166 9.717300 0.063875 0.017516 0.997804 -1.180200 0.000000 0.000000 0.000000 1.000000
0.995616 0.025873 -0.089884 0.000000 -0.027114 0.999553 -0.012623 9.717300 0.089517 0.015005 0.995872 -1.180200 0.000000 0.000000 0.000000 1.000000
0.993620 0.016992 -0.111497 0.000000 -0.018377 0.999766 -0.011408 9.717300 0.111277 0.013385 0.993699 -1.180200 0.000000 0.000000 0.000000 1.000000
0.992735 0.010117 -0.119898 0.000000 -0.011408 0.999884 -0.010091 9.717300 0.119782 0.011386 0.992735 -1.180200 0.000000 0.000000 0.000000 1.000000
0.993079 0.007214 -0.117223 0.000000 -0.008095 0.999942 -0.007040 9.717300 0.117166 0.007941 0.993081 -1.180200 0.000000 0.000000 0.000000 1.000000
0.992910 0.006852 -0.118670 0.000000 -0.007234 0.999970 -0.002788 9.717300 0.118648 0.003627 0.992930 -1.180200 0.000000 0.000000 0.000000 1.000000
0.992515 0.009965 -0.121713 0.000000 -0.009554 0.999947 0.003958 9.717300 0.121746 -0.002765 0.992557 -1.180200 0.000000 0.000000 0.000000 1.000000
0.991764 0.014725 -0.127233 -0.000000 -0.012994 0.999811 0.014427 9.717300 0.127422 -0.012655 0.991768 -1.180200 0.000000 0.000000 0.000000 1.000000
0.990865 0.018913 -0.133524 0.000000 -0.015782 0.999576 0.024466 9.717300 0.133930 -0.022135 0.990744 -1.180200 0.000000 0.000000 0.000000 1.000000
0.990036 0.019120 -0.139512 0.000000 -0.014992 0.999420 0.030579 9.717300 0.140015 -0.028183 0.989748 -1.180200 0.000000 0.000000 0.000000 1.000000
0.988921 0.012030 -0.147954 0.000000 -0.007437 0.999474 0.031561 9.717300 0.148256 -0.030111 0.988490 -1.180200 0.000000 0.000000 0.000000 1.000000
0.987721 0.000764 -0.156229 0.000000 0.003226 0.999675 0.025283 9.717300 0.156197 -0.025477 0.987397 -1.180200 0.000000 0.000000 0.000000 1.000000
0.986835 -0.010790 -0.161373 -0.000000 0.013544 0.999781 0.015980 9.717300 0.161165 -0.017955 0.986764 -1.180200 0.000000 0.000000 0.000000 1.000000
0.986147 -0.022055 -0.164399 0.000000 0.023259 0.999715 0.005405 9.717300 0.164233 -0.009154 0.986379 -1.180200 0.000000 0.000000 0.000000 1.000000
0.986499 -0.028315 -0.161299 -0.000000 0.027944 0.999599 -0.004573 9.717300 0.161363 0.000004 0.986895 -1.180200 0.000000 0.000000 0.000000 1.000000
0.987277 -0.031820 -0.155795 0.000000 0.029987 0.999451 -0.014105 9.717300 0.156158 0.009254 0.987689 -1.180200 0.000000 0.000000 0.000000 1.000000
0.988222 -0.034386 -0.149116 0.000000 0.031271 0.999242 -0.023187 9.717300 0.149800 0.018251 0.988548 -1.180200 0.000000 0.000000 0.000000 1.000000
0.989088 -0.038478 -0.142212 -0.000000 0.034278 0.998904 -0.031865 9.717300 0.143282 0.026642 0.989323 -1.180200 0.000000 0.000000 0.000000 1.000000
0.990621 -0.037469 -0.131402 0.000000 0.032721 0.998738 -0.038110 9.717300 0.132665 0.033453 0.990596 -1.180200 0.000000 0.000000 0.000000 1.000000
0.992517 -0.030705 -0.118183 0.000000 0.026060 0.998833 -0.040652 9.717300 0.119293 0.037268 0.992159 -1.180200 0.000000 0.000000 0.000000 1.000000
0.994541 -0.020690 -0.102277 0.000000 0.016589 0.999030 -0.040786 9.717300 0.103022 0.038867 0.993919 -1.180200 0.000000 0.000000 0.000000 1.000000
0.995798 -0.010961 -0.090914 0.000000 0.007735 0.999330 -0.035760 9.717300 0.091245 0.034906 0.995217 -1.180200 0.000000 0.000000 0.000000 1.000000</float_array>
        <technique_common>
          <accessor source="#mixamorig1_Spine-Matrix-animation-output-transform-array" count="40" stride="16">
            <param type="float4x4"/>
          </accessor>
        </technique_common>
      </source>
      <source id="mixamorig1_Spine-Interpolations">
        <Name_array id="mixamorig1_Spine-Interpolations-array" count="40">
 LINEAR LINEAR LINEAR LINEAR LINEAR LINEAR LINEAR LINEAR LINEAR LINEAR LINEAR
LINEAR LINEAR LINEAR LINEAR LINEAR LINEAR LINEAR LINEAR LINEAR LINEAR LINEAR LINEAR
LINEAR LINEAR LINEAR LINEAR LINEAR LINEAR LINEAR LINEAR LINEAR LINEAR LINEAR LINEAR
LINEAR LINEAR LINEAR LINEAR LINEAR</Name_array>
        <technique_common>
          <accessor source="#mixamorig1_Spine-Interpolations-array" count="40">
            <param type="name"/>
          </accessor>
        </technique_common>
      </source>
      <sampler id="mixamorig1_Spine-Matrix-animation-transform">
        <input semantic="INPUT" source="#mixamorig1_Spine-Matrix-animation-input"/>
        <input semantic="OUTPUT" source="#mixamorig1_Spine-Matrix-animation-output-transform"/>
        <input semantic="INTERPOLATION" source="#mixamorig1_Spine-Interpolations"/>
      </sampler>
      <channel source="#mixamorig1_Spine-Matrix-animation-transform" target="mixamorig1_Spine/matrix"/>
    </animation>
    <animation id="mixamorig1_Spine1-anim" name="mixamorig1_Spine1">
      <source id="mixamorig1_Spine1-Matrix-animation-input">
        <float_array id="mixamorig1_Spine1-Matrix-animation-input-array" count="40">

0.000000 0.033333 0.066667 0.100000 0.133333 0.166667 0.200000 0.233333 0.266667 0.300000 0.333333 0.366667 0.400000 0.433333 0.466667 0.500000
0.533333 0.566667 0.600000 0.633333 0.666667 0.700000 0.733333 0.766667 0.800000 0.833333 0.866667 0.900000 0.933333 0.966667 1.000000 1.033333
1.066667 1.100000 1.133333 1.166667 1.200000 1.233333 1.266667 1.300000</float_array>
        <technique_common>
          <accessor source="#mixamorig1_Spine1-Matrix-animation-input-array" count="40">
            <param name="TIME" type="float"/>
          </accessor>
        </technique_common>
      </source>
      <source id="mixamorig1_Spine1-Matrix-animation-output-transform">
        <float_array id="mixamorig1_Spine1-Matrix-animation-output-transform-array" count="640">

0.999362 0.027850 -0.022368 0.000000 -0.028955 0.998293 -0.050721 11.420100 0.020918 0.051336 0.998462 0.000000 0.000000 0.000000 0.000000 1.000000
0.999379 0.029451 -0.019354 -0.000000 -0.030397 0.998258 -0.050572 11.420100 0.017831 0.051129 0.998533 -0.000000 0.000000 0.000000 0.000000 1.000000
0.999400 0.030723 -0.016004 -0.000000 -0.031485 0.998264 -0.049767 11.420100 0.014448 0.050241 0.998633 -0.000000 0.000000 0.000000 0.000000 1.000000
0.999422 0.031642 -0.012434 0.000000 -0.032210 0.998305 -0.048478 11.420100 0.010879 0.048850 0.998747 0.000000 0.000000 0.000000 0.000000 1.000000
0.999451 0.031942 -0.008765 -0.000000 -0.032320 0.998374 -0.046953 11.420100 0.007251 0.047211 0.998859 -0.000000 0.000000 0.000000 0.000000 1.000000
0.999496 0.031336 -0.005120 0.000000 -0.031536 0.998477 -0.045275 11.420100 0.003694 0.045413 0.998961 0.000000 0.000000 0.000000 0.000000 1.000000
0.999537 0.030385 -0.001600 0.000000 -0.030426 0.998589 -0.043519 11.420100 0.000275 0.043548 0.999051 0.000000 0.000000 0.000000 0.000000 1.000000
0.999569 0.029301 0.001688 0.000000 -0.029205 0.998689 -0.042030 11.420100 -0.002917 0.041963 0.999115 0.000000 0.000000 0.000000 0.000000 1.000000
0.999589 0.028296 0.004633 0.000000 -0.028085 0.998780 -0.040618 11.420100 -0.005776 0.040471 0.999164 0.000000 0.000000 0.000000 0.000000 1.000000
0.999594 0.027580 0.007125 0.000000 -0.027280 0.998854 -0.039319 11.420100 -0.008201 0.039109 0.999201 -0.000000 0.000000 0.000000 0.000000 1.000000
0.999579 0.027573 0.009061 0.000000 -0.027208 0.998900 -0.038178 11.420100 -0.010103 0.037915 0.999230 -0.000000 0.000000 0.000000 0.000000 1.000000
0.999531 0.028832 0.010340 0.000000 -0.028427 0.998896 -0.037399 11.420100 -0.011407 0.037087 0.999247 0.000000 0.000000 0.000000 0.000000 1.000000
0.999470 0.030707 0.010829 0.000000 -0.030285 0.998849 -0.037198 11.420100 -0.011959 0.036850 0.999249 0.000000 0.000000 0.000000 0.000000 1.000000
0.999421 0.032365 0.010465 0.000000 -0.031950 0.998781 -0.037616 11.420100 -0.011669 0.037260 0.999237 0.000000 0.000000 0.000000 0.000000 1.000000
0.999393 0.033574 0.009329 -0.000000 -0.033193 0.998713 -0.038354 11.420100 -0.010605 0.038021 0.999221 -0.000000 0.000000 0.000000 0.000000 1.000000
0.999407 0.033624 0.007457 0.000000 -0.033307 0.998674 -0.039245 11.420100 -0.008767 0.038974 0.999202 0.000000 0.000000 0.000000 0.000000 1.000000
0.999451 0.032752 0.005023 0.000000 -0.032523 0.998660 -0.040243 11.420100 -0.006334 0.040057 0.999177 0.000000 0.000000 0.000000 0.000000 1.000000
0.999512 0.031177 0.002065 0.000000 -0.031065 0.998662 -0.041331 11.420100 -0.003351 0.041246 0.999143 -0.000000 0.000000 0.000000 0.000000 1.000000
0.999574 0.029141 -0.001338 0.000000 -0.029171 0.998671 -0.042481 11.420100 0.000098 0.042502 0.999096 -0.000000 0.000000 0.000000 0.000000 1.000000
0.999621 0.027044 -0.005105 0.000000 -0.027242 0.998675 -0.043654 11.420100 0.003918 0.043777 0.999034 0.000000 0.000000 0.000000 0.000000 1.000000
0.999648 0.024943 -0.009090 0.000000 -0.025327 0.998674 -0.044825 11.420100 0.007960 0.045040 0.998953 0.000000 0.000000 0.000000 0.000000 1.000000
0.999648 0.023009 -0.013196 0.000000 -0.023593 0.998665 -0.045960 11.420100 0.012121 0.046255 0.998856 0.000000 0.000000 0.000000 0.000000 1.000000
0.999605 0.022060 -0.017385 0.000000 -0.022856 0.998635 -0.046964 11.420100 0.016325 0.047343 0.998745 -0.000000 0.000000 0.000000 0.000000 1.000000
0.999522 0.022206 -0.021531 0.000000 -0.023216 0.998585 -0.047836 11.420100 0.020439 0.048313 0.998623 -0.000000 0.000000 0.000000 0.000000 1.000000
0.999409 0.022972 -0.025586 0.000000 -0.024195 0.998527 -0.048554 11.420100 0.024433 0.049144 0.998493 0.000000 0.000000 0.000000 0.000000 1.000000
0.999277 0.024046 -0.029437 0.000000 -0.025471 0.998473 -0.049018 11.420100 0.028213 0.049733 0.998364 0.000000 0.000000 0.000000 0.000000 1.000000
0.999155 0.024453 -0.033040 0.000000 -0.026065 0.998446 -0.049251 11.420100 0.031784 0.050070 0.998240 0.000000 0.000000 0.000000 0.000000 1.000000
0.999047 0.024208 -0.036307 -0.000000 -0.025983 0.998449 -0.049249 11.420100 0.035059 0.050145 0.998126 0.000000 0.000000 0.000000 0.000000 1.000000
0.998961 0.023474 -0.039060 0.000000 -0.025362 0.998497 -0.048587 11.420100 0.037860 0.049527 0.998055 0.000000 0.000000 0.000000 0.000000 1.000000
0.998902 0.022442 -0.041129 0.000000 -0.024405 0.998555 -0.047875 11.420100 0.039995 0.048826 0.998006 -0.000000 0.000000 0.000000 0.000000 1.000000
0.998865 0.021263 -0.042623 0.000000 -0.023296 0.998586 -0.047785 11.420100 0.041546 0.048724 0.997948 0.000000 0.000000 0.000000 0.000000 1.000000
0.998848 0.020119 -0.043573 0.000000 -0.022206 0.998603 -0.047956 11.420100 0.042548 0.048869 0.997899 0.000000 0.000000 0.000000 0.000000 1.000000
0.998888 0.019709 -0.042834 -0.000000 -0.021780 0.998589 -0.048441 11.420100 0.041819 0.049320 0.997907 0.000000 0.000000 0.000000 0.000000 1.000000
0.998948 0.019577 -0.041471 0.000000 -0.021605 0.998564 -0.049029 11.420100 0.040451 0.049873 0.997936 0.000000 0.000000 0.000000 0.000000 1.000000
0.999020 0.019741 -0.039619 -0.000000 -0.021702 0.998529 -0.049689 11.420100 0.038580 0.050500 0.997979 0.000000 0.000000 0.000000 0.000000 1.000000
0.999095 0.020220 -0.037413 0.000000 -0.022094 0.998485 -0.050390 11.420100 0.036337 0.051171 0.998029 0.000000 0.000000 0.000000 0.000000 1.000000
0.999183 0.021559 -0.034186 0.000000 -0.023293 0.998419 -0.051155 11.420100 0.033029 0.051910 0.998105 0.000000 0.000000 0.000000 0.000000 1.000000
0.999265 0.023501 -0.030285 0.000000 -0.025041 0.998358 -0.051527 11.420100 0.029024 0.052247 0.998212 -0.000000 0.000000 0.000000 0.000000 1.000000
0.999338 0.025810 -0.025659 0.000000 -0.027106 0.998306 -0.051481 11.420100 0.024286 0.052142 0.998344 0.000000 0.000000 0.000000 0.000000 1.000000
0.999362 0.027850 -0.022368 0.000000 -0.028954 0.998295 -0.050691 11.420100 0.020918 0.051306 0.998464 -0.000000 0.000000 0.000000 0.000000 1.000000</float_array>
        <technique_common>
          <accessor source="#mixamorig1_Spine1-Matrix-animation-output-transform-array" count="40" stride="16">
            <param type="float4x4"/>
          </accessor>
        </technique_common>
      </source>
      <source id="mixamorig1_Spine1-Interpolations">
        <Name_array id="mixamorig1_Spine1-Interpolations-array" count="40">
 LINEAR LINEAR LINEAR LINEAR LINEAR LINEAR LINEAR LINEAR LINEAR LINEAR LINEAR
LINEAR LINEAR LINEAR LINEAR LINEAR LINEAR LINEAR LINEAR LINEAR LINEAR LINEAR LINEAR
LINEAR LINEAR LINEAR LINEAR LINEAR LINEAR LINEAR LINEAR LINEAR LINEAR LINEAR LINEAR
LINEAR LINEAR LINEAR LINEAR LINEAR</Name_array>
        <technique_common>
          <accessor source="#mixamorig1_Spine1-Interpolations-array" count="40">
            <param type="name"/>
          </accessor>
        </technique_common>
      </source>
      <sampler id="mixamorig1_Spine1-Matrix-animation-transform">
        <input semantic="INPUT" source="#mixamorig1_Spine1-Matrix-animation-input"/>
        <input semantic="OUTPUT" source="#mixamorig1_Spine1-Matrix-animation-output-transform"/>
        <input semantic="INTERPOLATION" source="#mixamorig1_Spine1-Interpolations"/>
      </sampler>
      <channel source="#mixamorig1_Spine1-Matrix-animation-transform" target="mixamorig1_Spine1/matrix"/>
    </animation>
    <animation id="mixamorig1_Spine2-anim" name="mixamorig1_Spine2">
      <source id="mixamorig1_Spine2-Matrix-animation-input">
        <float_array id="mixamorig1_Spine2-Matrix-animation-input-array" count="40">

0.000000 0.033333 0.066667 0.100000 0.133333 0.166667 0.200000 0.233333 0.266667 0.300000 0.333333 0.366667 0.400000 0.433333 0.466667 0.500000
0.533333 0.566667 0.600000 0.633333 0.666667 0.700000 0.733333 0.766667 0.800000 0.833333 0.866667 0.900000 0.933333 0.966667 1.000000 1.033333
1.066667 1.100000 1.133333 1.166667 1.200000 1.233333 1.266667 1.300000</float_array>
        <technique_common>
          <accessor source="#mixamorig1_Spine2-Matrix-animation-input-array" count="40">
            <param name="TIME" type="float"/>
          </accessor>
        </technique_common>
      </source>
      <source id="mixamorig1_Spine2-Matrix-animation-output-transform">
        <float_array id="mixamorig1_Spine2-Matrix-animation-output-transform-array" count="640">

0.999405 0.027186 -0.021227 0.000000 -0.028244 0.998287 -0.051233 13.051600 0.019797 0.051802 0.998461 0.000000 0.000000 0.000000 0.000000 1.000000
0.999408 0.028953 -0.018578 -0.000000 -0.029868 0.998251 -0.051021 13.051600 0.017069 0.051546 0.998525 0.000000 0.000000 0.000000 0.000000 1.000000
0.999409 0.030635 -0.015569 0.000000 -0.031380 0.998249 -0.050137 13.051600 0.014006 0.050596 0.998621 0.000000 0.000000 0.000000 0.000000 1.000000
0.999409 0.032099 -0.012289 0.000000 -0.032662 0.998275 -0.048782 13.051600 0.010702 0.049154 0.998734 0.000000 0.000000 0.000000 0.000000 1.000000
0.999415 0.033043 -0.008798 0.000000 -0.033422 0.998326 -0.047195 13.051600 0.007224 0.047462 0.998847 0.000000 0.000000 0.000000 0.000000 1.000000
0.999452 0.032701 -0.005069 0.000000 -0.032898 0.998424 -0.045463 13.051600 0.003574 0.045604 0.998953 0.000000 0.000000 0.000000 0.000000 1.000000
0.999492 0.031834 -0.001357 0.000000 -0.031863 0.998538 -0.043656 13.051600 -0.000035 0.043678 0.999046 0.000000 0.000000 0.000000 0.000000 1.000000
0.999527 0.030689 0.002176 -0.000000 -0.030571 0.998645 -0.042120 13.051600 -0.003466 0.042033 0.999110 -0.000000 0.000000 0.000000 0.000000 1.000000
0.999550 0.029513 0.005370 -0.000000 -0.029271 0.998744 -0.040657 13.051600 -0.006563 0.040482 0.999159 0.000000 0.000000 0.000000 0.000000 1.000000
0.999560 0.028551 0.008063 -0.000000 -0.028213 0.998829 -0.039308 13.051600 -0.009176 0.039064 0.999195 0.000000 0.000000 0.000000 0.000000 1.000000
0.999550 0.028244 0.010059 -0.000000 -0.027842 0.998885 -0.038117 13.051600 -0.011125 0.037820 0.999223 0.000000 0.000000 0.000000 0.000000 1.000000
0.999511 0.029209 0.011128 -0.000000 -0.028776 0.998890 -0.037293 13.051600 -0.012205 0.036955 0.999242 0.000000 0.000000 0.000000 0.000000 1.000000
0.999460 0.030865 0.011262 0.000000 -0.030428 0.998850 -0.037059 13.051600 -0.012393 0.036696 0.999250 0.000000 0.000000 0.000000 0.000000 1.000000
0.999413 0.032587 0.010548 -0.000000 -0.032171 0.998780 -0.037477 13.051600 -0.011756 0.037116 0.999242 -0.000000 0.000000 0.000000 0.000000 1.000000
0.999376 0.034123 0.009131 -0.000000 -0.033750 0.998698 -0.038245 13.051600 -0.010424 0.037913 0.999227 -0.000000 0.000000 0.000000 0.000000 1.000000
0.999379 0.034486 0.007242 0.000000 -0.034177 0.998648 -0.039175 13.051600 -0.008583 0.038903 0.999206 -0.000000 0.000000 0.000000 0.000000 1.000000
0.999415 0.033825 0.005013 0.000000 -0.033597 0.998626 -0.040216 13.051600 -0.006367 0.040024 0.999178 -0.000000 0.000000 0.000000 0.000000 1.000000
0.999465 0.032611 0.002386 0.000000 -0.032484 0.998616 -0.041352 13.051600 -0.003732 0.041253 0.999142 0.000000 0.000000 0.000000 0.000000 1.000000
0.999519 0.031009 -0.000606 0.000000 -0.031007 0.998613 -0.042551 13.051600 -0.000714 0.042550 0.999094 0.000000 0.000000 0.000000 0.000000 1.000000
0.999559 0.029439 -0.003979 0.000000 -0.029585 0.998603 -0.043770 13.051600 0.002685 0.043868 0.999034 0.000000 0.000000 0.000000 0.000000 1.000000
0.999585 0.027792 -0.007570 -0.000000 -0.028105 0.998592 -0.044982 13.051600 0.006309 0.045176 0.998959 0.000000 0.000000 0.000000 0.000000 1.000000
0.999593 0.026204 -0.011317 0.000000 -0.026700 0.998578 -0.046153 13.051600 0.010091 0.046436 0.998870 0.000000 0.000000 0.000000 0.000000 1.000000
0.999573 0.024909 -0.015267 0.000000 -0.025605 0.998557 -0.047197 13.051600 0.014069 0.047568 0.998769 0.000000 0.000000 0.000000 0.000000 1.000000
0.999525 0.024031 -0.019312 0.000000 -0.024937 0.998530 -0.048125 13.051600 0.018127 0.048584 0.998655 0.000000 0.000000 0.000000 0.000000 1.000000
0.999446 0.023670 -0.023412 0.000000 -0.024793 0.998496 -0.048906 13.051600 0.022219 0.049459 0.998529 0.000000 0.000000 0.000000 0.000000 1.000000
0.999329 0.024150 -0.027529 0.000000 -0.025490 0.998453 -0.049422 13.051600 0.026293 0.050091 0.998399 -0.000000 0.000000 0.000000 0.000000 1.000000
0.999223 0.023938 -0.031308 0.000000 -0.025477 0.998439 -0.049704 13.051600 0.030070 0.050463 0.998273 0.000000 0.000000 0.000000 0.000000 1.000000
0.999132 0.023100 -0.034673 0.000000 -0.024811 0.998454 -0.049748 13.051600 0.033471 0.050565 0.998160 0.000000 0.000000 0.000000 0.000000 1.000000
0.999050 0.021993 -0.037627 0.000000 -0.023831 0.998509 -0.049114 13.051600 0.036490 0.049964 0.998084 0.000000 0.000000 0.000000 0.000000 1.000000
0.998981 0.020698 -0.040117 0.000000 -0.022634 0.998571 -0.048413 13.051600 0.039058 0.049272 0.998021 -0.000000 0.000000 0.000000 0.000000 1.000000
0.998946 0.019504 -0.041549 0.000000 -0.021508 0.998600 -0.048336 13.051600 0.040548 0.049179 0.997967 0.000000 0.000000 0.000000 0.000000 1.000000
0.998929 0.018419 -0.042446 -0.000000 -0.020475 0.998613 -0.048516 13.051600 0.041494 0.049333 0.997920 -0.000000 0.000000 0.000000 0.000000 1.000000
0.998968 0.018043 -0.041676 -0.000000 -0.020081 0.998596 -0.049011 13.051600 0.040734 0.049797 0.997928 0.000000 0.000000 0.000000 0.000000 1.000000
0.999027 0.017929 -0.040292 0.000000 -0.019922 0.998570 -0.049610 13.051600 0.039345 0.050364 0.997956 0.000000 0.000000 0.000000 0.000000 1.000000
0.999098 0.018092 -0.038423 0.000000 -0.020015 0.998535 -0.050280 13.051600 0.037457 0.051004 0.997996 0.000000 0.000000 0.000000 0.000000 1.000000
0.999172 0.018545 -0.036200 -0.000000 -0.020380 0.998491 -0.050992 13.051600 0.035200 0.051687 0.998043 0.000000 0.000000 0.000000 0.000000 1.000000
0.999260 0.019845 -0.032957 0.000000 -0.021536 0.998427 -0.051764 13.051600 0.031878 0.052436 0.998115 0.000000 0.000000 0.000000 0.000000 1.000000
0.999335 0.022073 -0.029024 -0.000000 -0.023565 0.998362 -0.052126 13.051600 0.027826 0.052775 0.998219 0.000000 0.000000 0.000000 0.000000 1.000000
0.999390 0.024891 -0.024506 0.000000 -0.026140 0.998302 -0.052052 13.051600 0.023169 0.052661 0.998344 0.000000 0.000000 0.000000 0.000000 1.000000
0.999405 0.027186 -0.021227 0.000000 -0.028244 0.998287 -0.051233 13.051600 0.019798 0.051802 0.998461 -0.000000 0.000000 0.000000 0.000000 1.000000</float_array>
        <technique_common>
          <accessor source="#mixamorig1_Spine2-Matrix-animation-output-transform-array" count="40" stride="16">
            <param type="float4x4"/>
          </accessor>
        </technique_common>
      </source>
      <source id="mixamorig1_Spine2-Interpolations">
        <Name_array id="mixamorig1_Spine2-Interpolations-array" count="40">
 LINEAR LINEAR LINEAR LINEAR LINEAR LINEAR LINEAR LINEAR LINEAR LINEAR LINEAR
LINEAR LINEAR LINEAR LINEAR LINEAR LINEAR LINEAR LINEAR LINEAR LINEAR LINEAR LINEAR
LINEAR LINEAR LINEAR LINEAR LINEAR LINEAR LINEAR LINEAR LINEAR LINEAR LINEAR LINEAR
LINEAR LINEAR LINEAR LINEAR LINEAR</Name_array>
        <technique_common>
          <accessor source="#mixamorig1_Spine2-Interpolations-array" count="40">
            <param type="name"/>
          </accessor>
        </technique_common>
      </source>
      <sampler id="mixamorig1_Spine2-Matrix-animation-transform">
        <input semantic="INPUT" source="#mixamorig1_Spine2-Matrix-animation-input"/>
        <input semantic="OUTPUT" source="#mixamorig1_Spine2-Matrix-animation-output-transform"/>
        <input semantic="INTERPOLATION" source="#mixamorig1_Spine2-Interpolations"/>
      </sampler>
      <channel source="#mixamorig1_Spine2-Matrix-animation-transform" target="mixamorig1_Spine2/matrix"/>
    </animation>
    <animation id="mixamorig1_Neck-anim" name="mixamorig1_Neck">
      <source id="mixamorig1_Neck-Matrix-animation-input">
        <float_array id="mixamorig1_Neck-Matrix-animation-input-array" count="40">

0.000000 0.033333 0.066667 0.100000 0.133333 0.166667 0.200000 0.233333 0.266667 0.300000 0.333333 0.366667 0.400000 0.433333 0.466667 0.500000
0.533333 0.566667 0.600000 0.633333 0.666667 0.700000 0.733333 0.766667 0.800000 0.833333 0.866667 0.900000 0.933333 0.966667 1.000000 1.033333
1.066667 1.100000 1.133333 1.166667 1.200000 1.233333 1.266667 1.300000</float_array>
        <technique_common>
          <accessor source="#mixamorig1_Neck-Matrix-animation-input-array" count="40">
            <param name="TIME" type="float"/>
          </accessor>
        </technique_common>
      </source>
      <source id="mixamorig1_Neck-Matrix-animation-output-transform">
        <float_array id="mixamorig1_Neck-Matrix-animation-output-transform-array" count="640">

0.998344 -0.056460 -0.011043 0.000000 0.054818 0.991836 -0.115140 14.683000 0.017453 0.114344 0.993288 0.000000 0.000000 0.000000 0.000000 1.000000
0.998254 -0.057858 -0.011860 -0.000000 0.056120 0.991805 -0.114778 14.683000 0.018403 0.113912 0.993320 -0.000000 0.000000 0.000000 0.000000 1.000000
0.998153 -0.059426 -0.012653 0.000000 0.057596 0.991764 -0.114394 14.683000 0.019347 0.113454 0.993355 -0.000000 0.000000 0.000000 0.000000 1.000000
0.998067 -0.060842 -0.012638 0.000000 0.059020 0.991777 -0.113556 14.683000 0.019443 0.112591 0.993451 0.000000 0.000000 0.000000 0.000000 1.000000
0.998032 -0.061440 -0.012520 -0.000000 0.059645 0.991836 -0.112712 14.683000 0.019343 0.111743 0.993549 0.000000 0.000000 0.000000 0.000000 1.000000
0.998075 -0.060579 -0.013307 0.000000 0.058707 0.991927 -0.112404 14.683000 0.020009 0.111406 0.993573 0.000000 0.000000 0.000000 0.000000 1.000000
0.998170 -0.058767 -0.014215 -0.000000 0.056804 0.992028 -0.112493 14.683000 0.020713 0.111480 0.993551 0.000000 0.000000 0.000000 0.000000 1.000000
0.998310 -0.056177 -0.014874 0.000000 0.054136 0.992075 -0.113384 14.683000 0.021125 0.112387 0.993440 0.000000 0.000000 0.000000 0.000000 1.000000
0.998490 -0.052626 -0.015757 -0.000000 0.050509 0.992268 -0.113369 14.683000 0.021601 0.112402 0.993428 0.000000 0.000000 0.000000 0.000000 1.000000
0.998641 -0.049152 -0.017353 -0.000000 0.046852 0.992320 -0.114478 14.683000 0.022847 0.113509 0.993274 0.000000 0.000000 0.000000 0.000000 1.000000
0.998608 -0.049458 -0.018337 -0.000000 0.047030 0.992244 -0.115064 14.683000 0.023886 0.114042 0.993189 -0.000000 0.000000 0.000000 0.000000 1.000000
0.998595 -0.049661 -0.018497 -0.000000 0.047243 0.992374 -0.113853 14.683000 0.024010 0.112819 0.993325 0.000000 0.000000 0.000000 0.000000 1.000000
0.998667 -0.048313 -0.018192 0.000000 0.045984 0.992659 -0.111862 14.683000 0.023463 0.110876 0.993557 0.000000 0.000000 0.000000 0.000000 1.000000
0.998755 -0.046689 -0.017545 0.000000 0.044443 0.992734 -0.111822 14.683000 0.022638 0.110903 0.993573 0.000000 0.000000 0.000000 0.000000 1.000000
0.998843 -0.045313 -0.016103 -0.000000 0.043230 0.992756 -0.112103 14.683000 0.021067 0.111277 0.993566 0.000000 0.000000 0.000000 0.000000 1.000000
0.998904 -0.044500 -0.014508 -0.000000 0.042578 0.992660 -0.113199 14.683000 0.019439 0.112457 0.993466 0.000000 0.000000 0.000000 0.000000 1.000000
0.998897 -0.045018 -0.013361 -0.000000 0.043193 0.992451 -0.114787 14.683000 0.018428 0.114083 0.993300 0.000000 0.000000 0.000000 0.000000 1.000000
0.998884 -0.045681 -0.012032 0.000000 0.043980 0.992265 -0.116085 14.683000 0.017242 0.115426 0.993166 0.000000 0.000000 0.000000 0.000000 1.000000
0.998895 -0.045839 -0.010325 -0.000000 0.044319 0.992138 -0.117036 14.683000 0.015609 0.116449 0.993074 0.000000 0.000000 0.000000 0.000000 1.000000
0.998909 -0.045891 -0.008690 0.000000 0.044559 0.992105 -0.117230 14.683000 0.014001 0.116715 0.993067 -0.000000 0.000000 0.000000 0.000000 1.000000
0.998926 -0.045723 -0.007557 -0.000000 0.044528 0.992149 -0.116865 14.683000 0.012841 0.116403 0.993119 0.000000 0.000000 0.000000 0.000000 1.000000
0.998949 -0.045207 -0.007565 -0.000000 0.044022 0.992229 -0.116375 14.683000 0.012767 0.115920 0.993177 0.000000 0.000000 0.000000 0.000000 1.000000
0.998976 -0.044360 -0.008899 0.000000 0.043019 0.992219 -0.116839 14.683000 0.014013 0.116337 0.993111 0.000000 0.000000 0.000000 0.000000 1.000000
0.999001 -0.043672 -0.009525 0.000000 0.042243 0.992095 -0.118163 14.683000 0.014610 0.117643 0.992949 0.000000 0.000000 0.000000 0.000000 1.000000
0.999019 -0.043267 -0.009463 0.000000 0.041874 0.992317 -0.116424 14.683000 0.014428 0.115913 0.993155 0.000000 0.000000 0.000000 0.000000 1.000000
0.999027 -0.043109 -0.009299 -0.000000 0.041727 0.992248 -0.117058 14.683000 0.014274 0.116556 0.993082 0.000000 0.000000 0.000000 0.000000 1.000000
0.999039 -0.042872 -0.009076 0.000000 0.041498 0.992098 -0.118402 14.683000 0.014080 0.117912 0.992924 0.000000 0.000000 0.000000 0.000000 1.000000
0.999044 -0.042817 -0.008782 -0.000000 0.041478 0.992090 -0.118482 14.683000 0.013785 0.118004 0.992917 0.000000 0.000000 0.000000 0.000000 1.000000
0.999019 -0.043481 -0.008347 0.000000 0.042198 0.992144 -0.117768 14.683000 0.013402 0.117300 0.993006 0.000000 0.000000 0.000000 0.000000 1.000000
0.998946 -0.045232 -0.007866 0.000000 0.044011 0.992227 -0.116402 14.683000 0.013070 0.115933 0.993171 0.000000 0.000000 0.000000 0.000000 1.000000
0.998851 -0.047354 -0.007324 -0.000000 0.046202 0.992311 -0.114826 14.683000 0.012705 0.114356 0.993359 0.000000 0.000000 0.000000 0.000000 1.000000
0.998750 -0.049517 -0.006887 0.000000 0.048420 0.992382 -0.113283 14.683000 0.012444 0.112808 0.993539 0.000000 0.000000 0.000000 0.000000 1.000000
0.998685 -0.050765 -0.007145 0.000000 0.049637 0.992375 -0.112815 14.683000 0.012818 0.112312 0.993590 0.000000 0.000000 0.000000 0.000000 1.000000
0.998637 -0.051620 -0.007695 -0.000000 0.050425 0.992339 -0.112782 14.683000 0.013458 0.112240 0.993590 0.000000 0.000000 0.000000 0.000000 1.000000
0.998593 -0.052368 -0.008296 -0.000000 0.051097 0.992277 -0.113031 14.683000 0.014151 0.112448 0.993557 0.000000 0.000000 0.000000 0.000000 1.000000
0.998541 -0.053304 -0.008648 0.000000 0.051983 0.992188 -0.113405 14.683000 0.014625 0.112790 0.993511 -0.000000 0.000000 0.000000 0.000000 1.000000
